8608477
3205976
-1051056
-402859
1214903
3981346
-622898
-9794665
4060371
-7772785
3274863
-9768036
-6569707
-5123411
3664613
-3427432
-2391454
-1225734
-9470061
-246209
-9300903
144993
557123
-8763329
-4665423
5593271
-7495524
-9354609
7998396
3921610
8415128
-5716894
-5896026
-8511988
-2894031
4786686
-4392624
-4168933
-9015110
6996211
-7334813
8754187
1384719
3458940
998362
-4266364
-770069
5785215
6894756
676633
2271342
-1721159
9295166
-6388840
4942781
2154672
8086222
-4446005
-9408301
-9687145
-9909833
-662941
3167701
9613148
1297981
-2589
-9149200
8049326
5397311
6982854
-7268592
2617036
-6429828
6052063
9639794
7536044
2082347
-7042042
2139115
-9587539
-7684269
-9443623
-2187932
-2989221
3571550
-5255539
-9325104
6181667
-8159199
667184
-4577431
6754929
-4643896
1935893
6190051
-1287998
3425644
-6161744
-2646561
-6541892
5452375
4579202
6089590
-5389810
2883812
-9398400
-7495894
-3338488
5791985
987638
-4024121
3415533
-6520695
9616546
-5474192
-958734
2588946
-7187563
-4224632
-8009071
4795723
-1912153
2809877
1363469
-1071810
1432920
-9151664
-5889417
9143700
-978631
-7014906
1018797
-5763212
7483833
1594479
6934091
-1263199
-2859320
-644365
8158328
3443315
7953105
-8699907
7019647
2113574
8191061
-6587812
3511523
-6274755
3619973
9360394
9204812
2825361
-8823191
-5895064
5105353
5056042
9081983
1428426
-6372816
7237933
-2512122
7823463
-1500645
1380457
-9668736
-7749724
-9723087
8409545
-7704380
-2504583
-6772528
7312551
-356231
6681273
-696179
5723660
3253913
4957156
-3530140
7930499
5557623
506552
-3094459
5446176
-7533923
-9500657
7842287
6254516
-64025
8192276
-9259596
-7074740
8961759
-4101091
180022
-9021864
3363975
7530583
-7516150
6066176
-4346126
-1153458
4556914
-3056896
4031697
4131482
-3889698
-4012386
-8778513
7346243
-332804
-1464080
-6717563
-2807916
9466244
5106772
4575773
8295225
-1750771
-5822787
-7236430
7382933
5381573
-3258612
-1934651
5697499
4850904
478738
448856
7145779
-9604615
-1407715
-7876972
-8403842
-1681668
-9309886
261984
5291408
9264578
3354417
2195571
7165374
2605646
2653503
721703
-5051296
7778518
-9922449
-864468
2021518
-9366366
4436886
4795480
4708470
-6941167
-8605302
335623
1255037
4311640
534824
-1445019
-9018278
7768754
-1044639
-7305218
-8716123
2360951
-3108798
4567800
7187564
-8910079
3443020
-9837298
-8383427
-3750371
7364133
-7185270
-4570438
4022011
-1018664
-8933840
-712352
-4765576
7542255
-7070166
5984128
7165065
1649061
8400329
70932
2495713
8943659
-3682088
-3130448
-2661900
6075854
-4925186
-1369384
-9866669
-109502
5899591
-5439892
-2947769
-6500463
-2291483
2533076
7013515
-9896595
1405174
6683454
9660662
-1307613
-159725
1333768
1343549
3162898
-2050837
634163
-8025814
-158257
-7277760
-6483180
-4374724
-535255
-6493266
4210952
1548614
279450
-9010086
8076183
5886027
1260517
-266102
5897393
5806371
-4522432
-2389819
6332959
4906759
-1775114
-2731494
2751671
-1044124
-9168502
-7680357
-1602695
6372119
6540482
-3157778
-7578130
-8422304
3587098
4897522
-2544530
-4935667
4685941
7501270
4102745
-2823286
-3738906
9887494
-8817730
-5204620
7467786
1953319
4896264
-8064653
8646924
-9814799
-4499147
-6552501
-8454895
3847778
-3298597
8183259
-7997929
6167544
-4456596
9979590
-4134172
9437638
3810946
5669388
-5371231
-4830693
5364658
8990777
7769376
2457208
-6728242
54980
-6093959
7258827
-156167
-2771518
827195
-1415046
-939632
-4059394
6123040
7971982
848025
7948930
4164317
-4388485
-8427667
-2819648
7071381
-5120648
-7124359
-1557400
-1365195
3340070
-3754492
-8795972
2717355
-6800927
1703782
-8363067
-5808798
2663291
-4577018
-4377262
-5428036
4910685
-7045350
1825028
8866743
2843424
8289625
9937315
-4597187
-8139971
-6092285
-3927857
8495905
-8339917
2185270
-1405296
6088871
-1282270
-9425677
7551458
7918665
3972743
-9647892
-1600563
2154782
-8319481
-2486445
-2875110
2280716
9649767
8834147
-7818068
8182552
6340638
8645467
-6735370
-3451898
3495949
-4845837
-1954857
1317165
1587895
-6476909
-239541
-8814652
9829175
-834283
-4290782
3388406
-9289227
1322768
-4712713
5945606
3993023
3567925
-304645
287086
539526
-5289301
5952341
-7781482
2325725
-6149407
4589294
9776509
-8368774
-528633
-7108333
2116903
-955874
4498290
5802916
540795
-865311
9242625
1024653
328489
1128964
8041248
4812580
6134204
7771303
8635144
-9473165
9550348
-4201957
9246145
7916186
-9518748
7772558
3374235
9364567
-9601262
8063597
2221367
8480649
-4039596
4872635
-1242274
8820113
-9332556
6932154
-3330828
-8350930
2072374
3596616
-407816
-5821146
-1496980
-8600613
7243454
-884652
-481418
8096706
-835929
-4747748
757357
-3290680
-6162305
-4385457
7707627
-3397176
8016226
-7044212
-8819986
-631203
-5272485
-9835877
-8954906
-456895
-6423517
9020836
2139559
9949406
-7533451
-1813496
-3952313
-7434
8521808
-5867533
9250005
8318684
-9247173
-3784061
-9248654
-5976005
5757728
9586162
8721162
3985818
8611165
5048526
2692579
4815719
-7921590
4023315
-8383541
4370197
-9367665
5355312
-8281512
-4837738
-7762376
3755374
1990927
8707598
1225724
-2884878
-5188467
-5116034
-4530515
8577298
4503624
8279089
-8525658
-3220200
9570243
-3261164
-7748921
2333513
-497989
-6243304
-1205092
2543812
2958011
-8025004
-5906289
-4950226
-8168790
-2408742
1034391
-9928376
-2494723
-5705093
-4026342
-1667690
3886319
-7687995
1940916
-1736262
-7301986
-9064052
640688
-8188716
6921312
-2575650
737543
-1668539
-3498678
6170733
-9221552
-11558
-2193723
6078576
6228535
-7597889
4136839
8257947
-4202761
-4248986
4158509
9556891
3090620
4266663
4301725
-5727102
4975681
-2574430
8309208
-2925061
2030496
-895798
-7260456
869182
-5927440
2562050
1338639
7012398
-4787791
-9437182
-3801501
829415
4327859
-4645319
4216189
-5957005
-410438
-2227295
-9504336
-8106608
-6789141
-64827
2677366
6012050
-2699553
6059087
4681784
-3687234
2202704
7902042
-7152683
4374078
-9761564
6591111
312371
-4835660
1856454
-4355586
6664092
7935764
1573359
-8220354
2729082
-2879858
9079123
-3261513
-3984342
8940141
-2442973
3419565
-7594979
-1480176
-8592412
-3982264
4476097
5405630
2125001
681775
-9188061
-5114269
-6555802
9021174
8932393
9913255
-1377203
7688324
-2759400
-7809373
-3111120
-9818857
2434966
-8065446
5566714
-9591630
-3708085
9615985
4960133
2999301
2644817
7415509
7367859
-592130
1787056
1095090
4468802
5048556
-2753407
-6514408
-9593629
-9560013
1952197
8026850
6171067
-962688
9395495
-3873322
-4429770
5742164
-1121695
-7940031
-2953785
-9741679
-637085
2615700
-7011950
7100754
6325655
9705240
3770379
-1437424
3372394
2237787
-8791143
-7708226
-2271747
559702
149229
8490613
-1471078
-1175350
3428577
-2174716
-6695277
-6101218
-5180349
749678
-4793196
-7468010
-9736022
-7777054
-3097194
-8657860
-7269907
9141919
-1696171
1913008
3281924
-7292849
-6290304
8184827
-6623735
-8264058
1480146
-4151994
-9143441
8868614
6957664
-6848860
3420164
263033
2622591
-2974279
-8847036
8504118
5557117
-4987451
-9631453
5079214
3061766
-5073969
-1893884
1997846
-2659786
-7358995
8887076
5562759
-7381422
4693461
7538661
1991283
-6071841
3000063
-9876822
1109545
6870907
6050544
-2030978
5452013
7779075
-1617575
5271421
-4948357
-692239
-8998304
-5386990
-7909861
9395277
2541308
-9142863
-3250728
-7851510
3456097
7425593
-6451445
6227759
-4381074
278022
6971329
-3208274
-5338798
-7032954
1059242
-4264872
-2016423
-769173
3698765
2059730
-3897205
-814225
2470178
4114359
-903373
-2217680
-3448025
3332421
5457529
7423255
-1671323
4816192
84779
8419191
7476063
3035803
1501278
-6197996
-5910456
6199580
-9075564
2921092
-1829861
4823129
1276533
-5577000
-7249793
-8629908
-6317246
-769257
2144511
-4785633
-5476446
5629859
-9745149
2810558
3883771
3979722
3362898
-4921954
8126226
-4604394
-8990127
7418867
2867347
-3723210
-9108389
2185500
1699470
4184357
9627696
4997834
-5403907
-4629279
-5285994
-6323887
8169735
3108696
-8670222
-8241589
443331
3902580
4451073
-4031971
6929218
8342832
1546692
2543043
-7351643
1317855
-1551019
60082
-7977478
5820231
-5411997
-4888575
8797379
9453956
-5983297
7837489
-4825513
9455225
-2511144
3110310
834213
-7332453
1241164
-4287450
411121
8046945
-474511
9873028
-4485591
9911230
-3976719
-7690103
145770
-9490224
5373718
7163274
598410
-1058229
-4761388
-6239820
-847627
-4235831
-9226414
-4980011
8523357
-3849056
1529897
8724756
2731733
-7531193
-4640535
-7076647
900066
-4007846
2451013
-5292363
2542669
3163662
18287
2137229
-5718639
2597040
2843152
-1965750
-6637966
4316045
-8407718
-7675291
-4344150
-3794905
3071118
5858531
3272689
-9171344
-8050787
-2275339
840093
5992068
-616484
1657697
848528
-680291
-1932676
2959677
714772
6814335
3609421
6057815
7797984
8644443
2796840
2441935
1423105
814955
-1006421
-3988995
332329
4362151
-2983534
1929988
2352425
-5231714
-7498152
-4639684
-1206939
1197513
-4638984
6642748
2806593
-2849796
6729982
397404
-5838960
8185652
8952403
9271590
-1295274
9988756
2370155
7014787
-7229388
-9826066
-2933140
5997999
-2194767
-6490479
-6964696
3167627
-1870816
7146246
4560162
2978170
8945995
8326685
2506906
-5198173
720598
-4029888
5831789
1280054
-4868944
2762017
-8606221
8931366
7786943
7439213
1402477
-3643866
-2273518
2641436
-2326736
7310686
7177995
-334571
-5532240
-1378950
387218
-4760615
8712969
5295117
-3387838
-4675988
-4282487
-6449511
7463891
-9299611
3308344
-2605245
5618504
3265285
-6850859
6198031
-9113884
8421410
9245460
-7104656
9222439
-762811
8642777
-3868439
9526216
5543017
-5469513
-9119115
6315882
2618141
-3689819
-1367739
-1815231
-4956471
-1532072
2535505
-8403789
-8036156
-5529848
-5228023
-3001678
9526931
-9040277
-5152219
-440292
-6340491
-621767
9718802
-7847137
8475582
-1519797
-8004861
-9631011
4910746
-8866597
6857832
8824350
1277953
9611429
-6843853
1521853
-8526164
-8859572
9285034
-953748
3283005
-1341233
6924818
-2575690
509023
2266389
-8974804
2837521
3505978
102316
6904587
6781172
1577114
4340209
2106203
-4666323
3701057
6306546
1034746
-8289732
9884426
2858846
5949382
6544515
-3629184
-7313830
-9259396
-2406824
-5792192
6441031
8994362
6140535
-9342446
2754067
9404520
773379
1920796
-5228357
1021209
-6907253
-8404008
1664280
-6415627
5956430
-4236235
9271398
-9328850
-2383925
7051478
319392
-7497681
6967913
8781806
-2784628
-6097012
-7732160
-3984527
-4019039
-2441977
3896904
-7265971
8617995
9771140
8912163
-5619801
5864260
-2437638
9364482
201072
3591353
8525967
2062018
-80110
8013313
7802389
-9430466
379514
9789014
3878240
3439812
1871838
1162634
498256
-7525782
-2617292
528079
431504
-1596688
-66551
-5143920
-4753009
-7140674
-7581612
1133946
-6957952
-4015989
-4589935
9909742
-5437055
-340359
-1062424
-5567458
-1390026
-1840409
3876982
-8371103
4448447
9626096
2979023
-5648900
-1958593
9028909
-8301066
-4341313
8326076
-6240788
-2062181
2036752
-9145179
6339458
8956285
-9565314
2888771
-2845863
9060573
-9331038
-1151443
-6015034
1732821
-5453047
-7749941
5012492
6914280
-2309467
-9975780
-1943134
5404197
7219651
4141039
509171
-1639990
3971886
2681435
9419825
-5046115
4028326
-8896369
3440861
-55862
5759992
6704707
6793184
-4475209
-492854
8939077
-8916385
8622515
-4754290
4077030
5257051
-6075755
-8857310
3814306
-5996916
-9820158
-4630313
8053030
-8496701
-165182
-8913294
-1211268
1586773
-2620897
3056605
3510138
4276215
2381275
-4593940
-8931792
-6526494
592055
-6425721
-7286054
4711356
-9691933
9959113
-9833452
-4615923
6559990
-8477832
-8165326
-8851855
8608899
4856763
7576752
-7999840
-168793
-6062528
-7803016
-7586420
-1201854
4038796
-5236784
-8278581
3297615
-8756513
-8942713
-7449208
-7630435
8521987
4760001
-45239
-9029397
8402320
3086670
6518257
-9560790
-4537623
-9083602
9451891
-8675410
3074328
-2535735
3554922
-2822239
-2557091
-5644433
5429774
5974870
1559212
-7505977
2190234
-1971386
2685461
-2412240
867440
6397191
181088
5508071
-550395
7106191
2816245
-5011653
-5060221
-6198969
7417721
-6536472
3835817
2221776
6606010
-2956618
7053435
2124309
-8026150
-8806694
8893822
-3218628
6158490
8634951
-4924359
8393226
-2091726
7302665
8014125
-9395620
1015142
-6908065
2734306
1552934
-4038372
-4262706
-1134455
2394204
7265447
5811822
-3789972
-6504114
-1855877
-7766501
-6933672
-1615307
6353445
8116057
-6527098
-7264533
-655003
-4549845
6522683
4025783
-3921471
3439498
9057362
-4296948
5162967
-5215058
-6246419
-3930826
8139972
-817904
209525
-6776814
1626014
1123373
-7578645
6723766
2896297
1441056
-3422074
-3151812
-3837440
-6933579
1213142
-3080543
8616994
-4901724
9919241
-5146352
-3970062
7307925
6269835
-5465189
8180030
1995962
-43415
-6867814
9308706
-3107474
4214548
8967279
6156284
1851608
-1692407
3291146
3549349
3935699
-206795
-555258
-4925614
-7122770
7683350
-6679050
502185
-3431601
2766030
6173398
6598611
157520
-308360
9388905
-2014370
2852637
3363608
7282853
5188527
6783907
-1148184
8929599
-1216523
-1940856
2722677
-4083405
-7360331
1842387
2811064
8547463
-8012861
3656344
-7089407
1297025
5635314
-5348669
4835562
-9821552
-4362081
-6851304
-2832093
-422109
4115466
5932867
-3399450
-3174609
-6315729
-9202608
-5894414
-3666820
-1960849
8618812
4310273
-1111763
-4164935
-1287965
7551438
-1911846
-5360910
322865
4104842
102815
-1870732
-9078634
-293699
-6656140
8408492
-7399563
6503276
-1003220
8852206
-8231863
-7564236
-9437882
9857076
2573467
-991586
-1912935
9037326
-6260393
9826463
2259173
6885408
-9562543
4634307
-9376243
-4321317
9314939
8931467
5780741
-9362109
3965975
-5649506
-4178136
-8063284
-9578230
6755630
194084
3508201
-8395499
-4307265
-7506830
5489817
9676023
5984039
-5013292
9742331
6689658
-2080423
-3616232
-5028981
-610316
4595875
-8244520
2116000
3353106
9678314
-7872640
741806
-2870419
5116659
3227886
-4646565
4585264
3082066
-3186692
-46384
-7049377
-716814
-3615135
1196084
-9243197
-8259632
8460369
7191637
7175569
5739891
9633154
9572320
-2833759
-7635703
1158391
-4811994
-8312677
-9912621
-1266791
-7542155
5468916
-3363044
-684468
-8656648
6682047
-8880978
-6093846
-1367005
-2236318
7057390
6082347
-795969
9453000
-8736087
-4446868
-6254790
4994191
7016658
-443748
7583952
9764777
-8648525
-6822894
3562174
5763730
-2351209
8463495
-7958985
5853552
4254317
-5365365
-1067298
6048621
-1137905
8372427
9353816
-4557336
-5378546
5369961
-3270763
4655871
-3500792
-8332405
-8081396
-7641425
-6661230
-6172608
-8985039
-5260599
2356462
7984053
6014674
-191616
6693241
-7211261
5716238
-9249254
-9829239
7438496
-6911536
-4423839
8401685
5936593
-4606615
-9991654
-8607076
-1853026
-6784232
-5688933
-4919887
5323268
9924238
-2434347
-6886673
9936045
-1212260
-2980583
9869557
2040174
2440286
3225864
240500
-6919095
126550
5563891
6733831
8168565
9935143
1139089
6957014
-848306
-1730652
4801513
6084709
8031106
-2911607
-8179980
-9561697
-7142331
8004721
7404790
-291244
2180539
-135218
-6315204
-6984024
-5663071
2783626
-158792
-7703936
3061154
-4122728
-2455655
3918748
9359999
-359867
3722517
9459795
5582062
5864993
8967163
9332733
-9564148
9557197
-3021672
-4740026
-6588295
-2985708
-8830452
818909
-5463487
481475
-6607487
-1374887
-3595657
1321736
-5103274
995497
-5166842
-2213139
-4846135
-7762455
-8976196
8698953
-1616033
7957406
-1609336
8461651
2063002
-2311108
5045436
7335587
-6261941
7048612
-6999804
4632016
-3124610
-6414629
9675202
-6610243
-3133367
-8687043
8112668
-5612444
-2270790
-4185711
1018226
-7798818
3280544
3631249
-3409557
7909861
5981588
-8609434
6497652
8718777
1510777
-5744680
7633413
5805154
6366965
4500818
3323641
-5305724
452246
-5929668
7416465
30340
-6533146
91291
-598982
-3540257
-3185255
-1124186
-6588699
1816827
-9422350
-6865904
-933879
6681966
-8575873
868516
1374452
5878647
7289728
-6004442
7646315
1227837
-2531958
3774893
2617753
-1971362
1871785
-4019911
7832301
7439625
-1718983
-1223627
-3215876
-2349387
9243462
2220275
8962935
8469679
3800027
1220555
-321990
-3384050
3504354
2245626
-8982342
-1906941
-3264906
-7782622
-8120373
3834900
-8646332
5920847
-7846688
114736
616520
-1177319
2872428
9665668
9850652
6136168
6598175
-7808221
7797267
-7872999
-730103
6596339
-6291663
2721086
-8787884
-2033836
2529065
729223
9359864
1979224
5329133
2226111
-941571
2170323
6792360
8348617
-943037
-4303765
-7780337
9436266
6281991
-5708907
16858
4708607
5591498
-4991712
-2476513
7967255
923056
-7176977
5388587
8843951
-6266513
8840444
-8812862
3253486
514123
-1902872
2608338
-1151247
7544835
-2907051
-1050455
961332
-8828464
-7907852
9790152
-2734537
-7656491
953158
4032198
-4114203
-1854743
-9659501
-8543339
-4881513
9378671
6878392
-1676455
950402
-6077097
1896823
-2371163
-4970726
-1161528
4870607
-5147970
8434693
-6189164
-8416906
-8587908
5608323
3032588
-6663544
-6274464
146608
8864523
96708
-6056773
6995815
4247875
9417737
1233075
-4456899
-6950810
4342671
-4252784
-2293150
9784238
8265691
3058054
8143995
6374031
5714583
2294558
6145092
-7680675
-4390161
658569
-8703467
6286817
7115534
-2627971
8393877
-9005685
3635483
8701635
8755391
759823
9866931
7652527
-7539406
-5303637
-549928
-8118311
-5018895
-7237350
-5656730
7610122
-489852
-1551178
3113996
-6517579
9228169
8114766
-8193156
9870264
3609959
-6855363
-3556723
1610764
-1620755
-9442515
-896818
-6382664
9060846
-2653035
9269552
-1531032
9706584
-9179305
8099863
-5182248
-9453472
-1279073
-5615368
7549587
-2016493
-2889973
-276280
1944226
7678968
4380748
7189517
6649509
-4178388
-2296633
3765990
5022313
-5564202
4064191
-8018118
1518151
-3123576
-8718379
1802832
-4225041
5179279
-9111159
-6328938
-8919053
-384034
2999735
1814246
-911857
7174206
7358323
-4745231
-2854839
-9448432
9359173
-8891946
1537601
2433107
8715293
9334009
2690275
-3443742
-5909877
-3843708
6103567
7143887
-6973821
8405080
-9155643
374826
-231923
1697014
8977241
-4261858
7215708
-7661520
6019614
191529
-6127502
-1268289
-8491712
8654602
-7503329
-4654733
622415
-7252976
-3258043
-2303032
-6992470
1936197
4839578
-2183089
595211
3505804
4424846
4384075
-1796028
7060522
9014101
-3416198
-992374
6111940
-6852362
-7758176
2880915
-7176974
-9872720
4194367
-5362995
-452850
1980181
1538765
4819797
-9616428
-4203072
7401891
-4879429
-3756106
-3791774
5983345
2903046
-1339626
8684591
4125912
-8391476
6630945
-5179255
-2228839
-4255980
3717631
21984
1590605
-8225486
1749407
4812391
-2207826
-2369736
2769356
-7343969
3227935
-3248410
2683802
1526736
-7958594
-7361021
1362439
-350958
5901127
5350329
7140473
8543492
-2039478
-8429327
-1729466
8941191
-8784274
-650599
4353531
5075745
-490700
-9375963
4046459
7531988
-2388944
3740035
-4882460
-3771989
-9478184
-1896153
-4191533
-8392498
1082768
-6606980
-4942175
-8404073
6850777
4610763
1389824
-8102319
-5921528
9449922
-4418501
6247238
7312572
2423035
-7205009
7455534
8529211
-7356523
1294277
1858286
9784826
2804307
7503333
-8518983
-897943
-4484446
-8493890
3130438
-5914970
-6764720
7230648
-3424893
7294798
-5239791
7460216
515591
8054215
-6379194
-5542665
-5187788
-8738186
-4448039
-3433237
-3067137
4297587
-582028
7474497
-1439043
-1674820
-7812488
-3420350
1161238
1610671
-3098100
6072589
8648123
-5720065
9392273
-9226743
-2584455
8446182
-2759475
3923855
-3499322
7248047
-2265767
5942045
7243323
-6190137
4568534
-1262942
-5378981
-8669620
-8393106
5505678
-2212157
-1885667
4296966
-1157492
2708475
1063866
-7436264
114221
-8693292
-2707962
-7272514
8639764
4592125
-5099045
-1532307
-164649
-5122872
7764866
5932347
4326674
-5397490
-7185872
-2124867
-4738900
-4747916
-6968696
-3318169
-2521166
2288639
919095
6014128
-1639561
817734
8202897
1405748
-1681741
-3785640
-5640582
-7757413
3353513
6803463
-6070074
-8110607
4025379
-7993175
4644683
5470407
-847565
3110050
-5786801
-7417726
8390078
1071279
8879574
-8738157
-1479802
-1504573
-6493810
-6301600
7438725
-7096501
4875887
4274022
3205598
-9426394
6954238
8156665
9407711
7823147
-5293549
4168499
3203054
5021587
-3006375
8847802
8182839
9634068
9196432
-9128138
4980649
-1393956
7447212
-3638059
590469
3562674
2382501
-7613086
3823262
815080
1472516
-7009028
-1468272
-1923585
5991233
-5852491
-7624424
-3767692
-8922288
1742779
6825508
9286440
-3272107
3047817
-2983864
-6972016
2433483
-8811278
3018325
1904480
8261601
-7199420
-7864465
3824057
-8481440
5290750
-7200096
-3316812
3561624
4890948
5744130
-9096406
-6771077
3425953
-206653
7843896
5529318
7851757
-7364169
9830957
20744
8273933
6792589
9722487
-7267926
9018561
-3002211
-3083350
8581521
-3435734
-1707415
-7574333
-5481035
9301175
-5369566
-8858654
5145651
-7657432
5571214
995966
-9553573
7704689
-7708464
-6569470
6410028
9903429
-8350088
-2370565
6995794
265697
-8755991
2113735
-3728482
-6185372
-9289607
2719630
2158590
1081399
-1986520
8617452
7960040
3731854
-9864091
6070700
6630593
-4078537
2694448
-9773973
-6740564
-8418122
3151988
428748
2545402
-1603435
4847220
-3910118
8977274
2541815
-760183
-3729465
-9775837
4234803
5633802
3394986
-3291259
-3629418
-5968488
-6266353
6473451
-2500115
-4802267
2679994
-8603931
5616285
-572389
-8440418
5692192
6135489
1375845
9022736
649905
3871235
-3945603
-1529755
4782604
5517833
-433212
-7148236
4976584
-8819928
-4704877
-5291204
-6558154
-6886116
8955925
4429465
3670849
4839927
-9286658
-1354223
2558264
-8336275
-7059507
4585769
-8103949
-1771803
157194
-2311981
-8739077
-8360149
2554341
9198371
-54201
-9695724
2486532
8536412
-5013325
-9157297
7489623
2682892
-4130856
-7741311
2613947
7577158
-1424100
7373476
5692195
-4327351
9145262
4298424
-5465336
-6395744
8068685
-9756420
-3829297
257072
6680215
-3975054
-6783007
5691358
-2099261
8884655
-7413184
-6773079
7223345
-8622749
7655361
-8985058
293914
9089878
9742088
-3382864
-1627914
2414959
-5655080
-3520876
-3314210
1638822
8307621
6136170
9679102
4360102
6410576
-469817
1035959
3978861
-1237623
7649456
-9687636
-4860053
4482322
-6866822
-3836024
6838835
8183668
-352451
7008699
7612141
-2731199
-3200279
5870501
-8836579
1102157
7567665
9038514
-1397572
7464258
-6694746
-3777452
6470290
-3449591
5472967
-3616628
4857566
517199
2208962
-1676968
-9988788
5235484
-8694843
-827754
9434607
7604116
8281183
5306202
-967727
8858071
-6864307
2749424
-4361588
6447799
-289546
6991748
-2921940
5575202
-1147046
4748530
1104095
5994135
7909668
8301955
9781951
-8301239
-575548
4478418
4339292
3273388
6362293
7871897
-7314441
6495238
-3459793
9580782
1729647
-8678259
5355145
-2183786
-9156147
6373691
-2295987
3980660
1825986
5586537
-158205
-3715008
-2520100
4044442
9316691
-3236934
2539447
9179857
-8994046
7078718
-1094973
-8194307
4053189
496920
4015047
5345456
-9025291
-1213944
-646416
-3932360
-1832587
-7652761
5824905
-9764023
5226169
-4927415
8538105
7003546
2974060
-82551
1348402
-8236108
-5330329
4435111
-6243518
188901
6732733
-1672098
5952483
-1233561
-1344907
152745
6439444
6748896
1379210
9535577
-749510
-7346888
-4806887
9411398
900540
7424773
-1011701
-6211328
-1740602
-6932391
-710818
4432719
-4615416
-1236398
7732885
86260
-9072609
2887225
-5525537
-494158
-5867473
-9167788
476935
-9992852
-1958272
-5169053
9574690
-373967
6273883
4203691
4966541
4054837
-2515522
686709
3708880
9316777
2179172
-3116623
-1813324
-2752556
-5747781
2650459
726699
-9924760
449897
1484371
-8223564
6225235
-7890614
434683
9852689
-3852115
6914522
6870286
-9504032
-8061819
1429459
-2924594
8871970
-1432786
8766911
5215534
9168276
9478146
-4023270
-3498310
-5979497
9046690
-835550
4846205
-111523
8010109
-4600704
-6325417
2562801
-4535537
-2788023
8032335
5864241
6015527
-4160190
6956146
3113364
-5593940
-3773530
4151514
3901880
-7442087
7825327
-4539011
-4176649
9287134
1904749
5145738
5871156
3578931
-2267813
1258541
-665194
777077
5645514
520229
9141057
-7886316
9501485
6524207
7944450
9624746
8245225
-8775165
-3607055
7942340
433635
7067992
-4509014
-2321836
-8069852
7427696
-6303167
4271335
866550
-3852553
-236770
-412009
-5452115
-393834
8011393
206757
-4211450
3488007
5513826
-6760341
6796167
8021584
7912590
5057621
9607011
-2112860
-5003034
6936504
-7952715
-4142654
-4758575
-8382278
4949857
6057144
9145873
-1236847
3481399
6836452
-479904
-4826503
2143616
1716618
-3028958
-4339845
4761521
-1052808
8723888
8368167
-5456713
2462543
958473
5222960
2715281
-8677723
-8559975
5697460
2609131
9516441
399431
5628754
1031148
-2769124
3722440
9289179
-4033338
-5118030
-7140107
19658
-3860462
9163278
-9892116
4973403
8888489
-852605
361418
2412559
3678498
340925
2311915
7211936
7098285
8836306
-3781421
-9084348
3645835
-3817992
-626885
-5118012
-3469440
-7515830
-8013143
-83350
-9583265
-1555685
-7770204
-5676211
5661892
2772146
-21669
2187658
-6548907
5682986
-3574825
-3336530
8158409
-932912
-4149172
-1103693
-4734801
8470589
-4911838
2321265
6229831
-9343638
-3436109
-4201294
-8741852
820315
9521110
-8910273
6183971
-85265
5317457
7822059
-7819697
-9294441
4955109
6330749
-2048321
839093
-9388315
-9204697
-7833770
4060020
9232290
5393255
-8529796
105376
2700412
-8873337
-7878794
-1069915
-699803
2624535
-8526816
-5717823
-7531563
-9843032
-1152013
-9862670
-4175260
3328634
3459359
4172166
-264073
-7273896
2485546
-5540400
5773745
3860004
-9535460
-3719224
-3279085
1871926
3311744
-5545511
-634537
3446496
-4048480
7742312
-8037859
9776584
6229300
-6780253
799781
8042808
211582
3693760
5395933
4142096
2119252
-2653104
-3719784
4985302
-7553999
3961333
-962752
8949519
-7810272
9420195
6209155
-5771103
866771
-5687503
-1808690
2979194
-4669099
5777173
-4333281
1990474
-2541704
-2748735
-4758049
311049
876950
-4249060
8751988
1193661
407502
-4269188
2179705
1288886
-6359769
-3693992
-7558820
-9440984
1820754
-7917484
2811051
1643711
4333269
-7952059
8138868
4543310
870629
-6411888
-1148027
6393663
-317056
1977248
-6784348
-2683938
6073171
-1487294
9003050
9701422
7572029
-6457870
-6531845
-1628591
-8659124
8839447
4291555
-5833970
9087900
2891713
-869588
-2327145
-9418310
-8562470
-7115229
350440
-3105539
-6104244
1346386
-4782256
-3722108
8891943
-2943441
9387642
9669039
9606355
-5343285
-4041001
-4384992
2152218
2529137
3003067
903010
-3102846
9345186
-4242081
6164792
3578917
6262896
-6950078
5268318
-4449469
-5765989
2397313
-8235545
-6253061
-7797460
-7762929
-6886109
6064622
-5561826
6604668
1252164
-4515540
1705793
-1222803
-9924544
-1288567
7322891
5007756
-5508810
-8309832
3852155
-6537144
-4331870
3456322
8411153
743622
7432069
1959711
3250177
-2000422
-7500321
7564124
-2598863
-8625885
-1794703
-3610674
4134739
3430114
-6036135
7909776
6305270
3118424
-580878
-5894801
3693236
-8881510
7095037
5161379
-5150765
-9456735
-2573722
9415367
-3273112
-4752533
-2931503
-5799407
314293
-3850865
-4046415
-7038681
699494
6110567
-9235691
-9254796
2144735
-269675
-3978364
-7682215
-4199783
-1204642
-5780734
4749701
-544498
7703980
-9165522
3093182
-9134641
9251349
5946276
3297971
-1396739
-5722917
5902989
-9603451
5051506
4162963
-5927497
-3985190
-1994613
-3859568
-9790643
9777190
55364
5637352
8665029
-206528
9283220
-9985441
-7705965
-9937482
1216887
-2838783
-7578632
-8546908
2382010
-7645207
-3188291
486684
-7183076
-90916
1358466
565677
-9140994
391897
-3191186
-409757
6508968
-783303
1317184
-4261498
1456615
9185008
-7080982
-4376142
-3137456
-6537715
3123356
-235504
1641180
-6622072
-9588683
-5737640
8903648
-5038018
6925595
7240241
-2507825
-3473816
7940796
-39422
-6966009
4849934
-5527428
-5812946
-9465820
-5240974
2512256
-1921781
-6116165
-9280279
-9504789
-8941560
-2285532
4305958
-4610496
-370012
-6246607
398026
6703161
689144
-2842809
-5176518
-5859924
-2849125
501717
-9792380
-8793843
-3834712
6913541
-8722975
-6417073
1506608
-9159749
-680352
-6149963
-6272650
5991603
1556772
5390899
-1179053
-4710147
6004665
6405557
6624105
7001790
-6441062
3623022
-5081036
-6799103
8047593
7885393
7696045
3410534
9711086
7714949
8691603
-2579309
4022393
6994018
857955
-8034680
702268
-7926394
-269968
-8330188
9083523
-728967
3771769
-6734771
-5069793
-7382894
-7079795
-5816458
-9537945
-9380131
-3561785
8387888
1497656
-8619863
8884119
-1068630
5117495
3125743
1528433
-7942180
-2046491
5858317
4131115
7869179
-2408434
-1411462
-4239392
-6023032
-9912928
-3186659
-2277797
-8895090
1926751
-1335299
6297498
7537446
3534477
-1065437
7240204
-4630209
536601
3462321
9535034
6679187
3505951
3573831
-2531505
6226374
-930134
5580607
-6691303
-1167261
6909663
-7614716
9535361
2678478
4486795
5476762
5457564
-8662120
-9726372
-3517585
-4545268
-8214326
-2314597
-6684430
-5551044
8010192
-4782755
-3677332
-2253714
600396
9885952
8224441
6756379
7847247
-4030199
9845727
8336006
-1937443
2936464
5348129
9862789
9235069
4633752
-7076567
6218964
7525333
-8055549
-49936
-3842900
3756431
-8437330
61282
8169130
-2298178
1796880
-328300
8096
-627080
-7103342
4312933
-2930220
2020231
5176013
-3046087
2117686
-7549035
-921766
4717192
3154756
-3119094
-623844
6610341
-7701918
-4488651
9534636
-3297232
2724881
-9296448
7480592
3432156
6643463
-1106276
-3485495
767979
5041873
-9281759
1796567
9223939
1901804
126441
8204425
-9479209
3616032
8075072
8889244
-4166959
7683382
9889161
4577249
1121205
2446165
-7784838
1422565
8189486
6111181
-6183804
4522102
-2651269
3229735
-261882
9356035
-7837052
3597776
-8903629
7836427
3623185
430557
-410013
-4737497
9860102
-2070470
331509
-9765307
4762088
8056570
4652411
-3492700
8642460
-2937112
3842699
-6813082
-3451175
-4165005
-1050156
-6053123
-6311971
8153056
-3790221
-3302117
-8489843
-1696595
2541703
-8064118
-1567662
2268541
-2338600
5308418
5088613
-7062082
4260426
8349674
8815419
-9455692
-141800
1091859
-1179787
-3702677
-7773717
-9639629
6173093
9733139
-2429355
1480859
-7934536
5420570
-2626895
8640209
-9917495
6860721
-2676618
378223
-6161045
5542629
-2101768
2480065
4132383
-579999
-5182793
6688240
-9243565
-9465407
8240785
-8865404
1762018
-8581116
2108768
982784
1305911
3181367
-591522
6460363
9965325
-2651041
741611
4673808
3701421
4342936
5156721
-4585038
-276902
3948406
6928376
6097715
-5215701
-3587607
971708
-1917343
-1552513
-5505902
8686287
9369712
2161047
6403386
-6391797
6529230
-3651448
-7082018
8629262
5917396
2750416
-4272344
3281201
-4250499
-4450343
-8774230
5235518
-2720691
-6094218
-4557618
8212591
-1807104
-6519526
-7774843
159129
302128
497637
8165853
9829174
-8965559
-2390715
1724615
3886373
43463
7762255
-8756731
-604991
2819842
6689239
-9069639
1566012
986692
-447773
3697946
-4842969
-8893182
-7837048
2916719
3380342
-393210
6381031
6387459
-9538666
1907707
-5901619
2485687
7184444
9606908
-8148562
-7634228
-5949138
5128482
-9576073
-6578135
8114420
-3202238
-7919596
-9180089
-1495141
-6452074
-19909
-6403087
-8721688
-8013555
-3261226
-1801595
2697728
4399163
3016481
9816727
-5547705
9626927
8668829
-9661985
-9211898
-3533240
6256896
-8561885
-7083818
4826924
2092352
9208160
6345615
-196560
3484608
-1395942
6967726
6916038
4624438
2835130
7290169
-3766157
3622870
2164901
4959045
-1082351
-2406785
-2394459
-4965308
-8296720
6923276
3086720
885351
-613558
-7145895
-5805063
2881267
-5451887
-342832
1976720
5132198
9205197
-7367056
-653449
8865236
-2906731
-9075830
-6448748
1325254
3342960
-8047803
7432617
935846
2893738
-8832493
-5781720
-5427632
-1139598
-7691552
4583021
1673086
-832200
-433577
4227024
-6187013
1344868
864319
7297840
-6406006
-4970717
-6618866
8368961
5388808
-3918588
8973608
-3636613
-6422404
-1821126
6278571
-8659475
3366250
-1207654
-8227886
-9362946
-3163047
-8283268
-6574430
5857822
-9811333
7538605
5146267
6148873
2100392
5403676
-5814802
2181412
-4602472
-2965216
-4513745
-4998043
3469011
6174831
4389911
-3286137
-1972286
-4028458
876097
6369920
8721690
-2479773
-2816870
-5618070
-407337
-205382
1668467
3726829
9319147
1073809
4845617
5781051
-1912999
-811458
-3852791
7946120
9385503
-8067499
-2565743
-836361
-8397633
-8581782
4775765
-1647414
2120913
-357722
902422
1751750
4122067
-6914071
-29268
-2829720
5780954
3515773
8014924
-8814523
6066867
-3468056
6859062
-656233
5341845
-8670659
2327825
9955933
-7149524
-4148747
4923473
-1841168
-757704
4795332
2904661
2413409
956241
1343434
-8253656
-7657226
4469630
8992541
-4390724
2317504
2353437
692380
-38788
-1988614
5208483
-8794090
-2545079
2922864
6774001
-161005
-2261551
2273113
-7552396
9987981
-3382952
-6389942
-115105
9652317
6796670
6658142
9467004
4866311
6764402
-5351908
-1292272
5569940
-7505939
-8031625
8391421
6630370
9108141
621494
7222001
-7548443
1736542
4624754
5631981
5906609
8366171
6446400
-595654
9016757
-5948636
4932399
-9393817
1126541
4747652
-2750183
8221922
1294394
6417083
-525842
8063631
4722250
8682985
5992201
-598228
5401351
-175678
2657336
2717062
-8304519
6044262
-5642052
-9486514
4692246
-9468481
8946490
-6999448
7955361
-2053871
7941713
1206201
792740
-7974181
9237247
-7846144
-5204628
-4049963
8191095
-7709314
9396822
-5401184
9284603
-5288075
-3469533
-2824715
-787518
-7246352
-1001822
7543895
-6004692
8540694
-5701660
1552956
5481454
2269068
-7326327
-4559710
-99925
8237371
-5184101
8915981
-735748
-304461
9189906
8121057
-5814765
-7175245
-3593636
2650750
-5002608
3382702
-1970719
-9734292
-809142
3415081
1443375
286027
2065662
2298319
7670446
8623916
4734650
-6410398
6359551
-9566827
2218318
-2210643
8307890
-2894407
9505483
-8416480
-4577286
-6389868
7440543
-457301
4930119
-3663949
-6696606
-3460754
8907153
-743736
-9681647
9476897
-2258352
-5839805
9743009
-8692230
-4231138
-2979511
4090241
-8159092
3594029
-5066689
-3440764
-278791
-5468684
-2897583
2942375
8178452
4265496
2219249
5401193
7672143
3186273
2424512
-3834511
-1745937
-2565060
-8302983
4334760
4201444
-8987178
-9866267
9138624
-2561918
-5385416
8640960
2529380
8867606
-6528350
-8083604
-6056023
74746
-9055427
9822087
-9166925
-1798449
6154070
6240575
3465351
-5187284
-1891635
-5509640
-1257072
1827468
9419447
-2763199
-8991815
-3563072
9970409
-1239336
8618684
8439269
8021194
9859410
-5873937
7666068
-8198437
5331313
-9548148
-4353857
405745
2722843
5668066
-8368871
-8207860
-2334013
-6401522
555398
-6741670
-1309020
536851
2711436
5163401
4665563
4077828
6165644
-783005
1193252
-697128
957038
-5213440
-1205784
8648610
5716600
9359515
-6800903
2429919
-5684071
9103272
5827024
8566079
1504302
4327527
4934875
1843921
-7784069
-4201979
-2415749
737293
-1821752
-6775275
-6358868
3855712
-7044384
-2154402
-2319850
1004721
5124272
-9508085
5253
2241657
5548417
-230796
-6306573
8539490
5219682
6101411
-3597587
6501695
-903544
455896
-4549029
-3338384
-8154887
-7446273
-3126302
4857078
4973715
4158499
-857718
-5122968
4045659
4100239
-2747522
7945743
6421156
5761822
8123331
-6940366
4448199
-8848257
-8881060
3474834
-2631735
9763361
8243065
-7980890
-2149771
-9294816
-7777265
-8040652
-7095934
-4305030
-2113642
-3610039
-941454
247629
-9762112
1693561
8263791
4903625
-3893212
-6985311
-8760305
6565734
-1364415
-5701286
4053213
8347805
-1120828
-5799231
1551145
3336036
-7850072
-3802229
9214610
-8650124
2995797
-7073801
5190280
9306060
8467012
-3965676
-936207
-1705323
4253623
-9530460
6394464
-4228579
2853130
4346373
4813873
2620068
-784424
6336379
-3777852
6698756
-8669373
6186776
-7755373
-1574538
-2156853
-728403
-7886013
-1643326
-9790651
8840926
-7251883
7478742
-2801502
-9409680
-8811829
-127146
-2108081
7989031
9887208
1155585
-4249801
-3322992
-9059227
5183407
-4031558
8682813
8358291
-4829634
8453281
-5847670
9619979
8805507
-6737473
4173950
-7316670
5793119
7867853
-3694388
-6771640
-3698912
201818
1078211
-383552
-7657276
1746625
5990813
-2210895
9620491
9732307
6761054
-5791341
-37105
2320446
-2920652
-7862590
24376
-923678
-232480
-5541051
3200208
3385312
-423145
989944
-8431855
7629663
-7452306
6202590
-9258260
8085267
5692909
-5502335
-3636567
-3635804
-4063523
5932914
-3362491
-1331443
-2730921
4944874
-2006890
-6426656
-5498360
494503
4047807
1018717
9933924
-7210297
-4699529
-1423664
8534468
4312140
-8526291
1395992
2372395
2061474
7776004
-5278033
4376084
-1498010
4683871
1831569
3272998
1737815
-6587815
6385096
9556916
448192
-7324076
5072979
-8350411
8957711
646902
4142700
-5634416
5446039
-9567149
6313176
-5904040
-5822293
-7741948
4609490
5631489
9493075
-165217
7843532
7345149
4751823
9547457
-6675253
-6251272
9174921
-6232505
8110545
594931
-761404
-8900289
-5342145
-983856
-6440187
-7139746
-7642366
5274435
-123085
-5906889
4655414
7323597
1607853
-3713016
-5994633
-5516680
2804385
-2222038
9385407
8942072
-4723307
1793699
-3711957
-3151337
3613003
1425945
-4511651
-373465
-9489212
7200867
-7545613
-5451396
788920
1062571
-7702020
3900710
-6147107
2588603
906412
-2161566
-3597715
-4130452
6443015
7405869
4233631
-5266317
-1232480
4260902
6824777
-4181210
-3269609
2578645
-2185988
-3584684
1683420
8142166
-8098345
-7866855
-6249917
-4629112
-1906764
-4401222
-1810420
-25827
5409991
8586929
-5950668
3021271
-5172922
-5472717
1921210
-6819502
-9793707
-1817604
-8162636
4305725
-164399
2682981
6774947
-3477271
-5793163
-7540079
4138256
2156285
-192236
-5398074
50884
187536
7000376
-6273243
8353192
-8988948
-360706
8734274
-1206154
1277398
-3164333
9812317
7394965
-6069888
-3857038
-6212195
-4675865
-6232870
-7939248
-8862972
2209490
-1383605
-3051426
4354299
920266
-1534087
-4876356
4422459
903856
-359034
-6590501
9057903
7917751
-4204904
6968586
3876696
-49174
8535872
-1565394
613365
-2071789
9471156
9286493
-4757208
638524
-6821054
-9635720
9602449
-6866854
-9557296
3719005
-5212607
8131037
-1853681
2757558
9689368
-9884854
6258948
6683572
7746467
763340
2889001
-5966569
-2187043
-7955491
-9993245
5237713
8299861
7480390
-1498832
4445262
-9342586
8454595
3510305
-8625586
-1454925
3358285
-8262139
-7167243
-9037454
1721145
-7971473
-437015
9257867
5225108
9920149
8395645
-2429501
-1489447
-9370408
1830258
6432082
821318
4586648
500836
8667696
-8011069
-8131663
3358463
-3452596
8042124
-1255829
-4096639
4079785
2396792
462272
-8351341
7552931
-40811
4608410
-7832580
-3343861
8973702
8738832
5281179
-2207319
4231022
8828497
3781951
5926617
7851594
-2445426
-4371610
9117082
-8570406
3350279
-4557810
-6355611
-5456952
-5972807
598745
-5601279
-8062231
8698096
-3827016
3828384
-3426505
-8864659
-8677505
-4953191
2526397
-2619590
4478609
6688192
-8257979
4914897
-8084553
-6205522
1889459
-7193452
9601798
-8264530
5479167
-1453762
-4660500
-1907930
769206
7190203
-6297221
-2883298
-7392370
-5473831
4638768
-2909264
7664372
2634266
7166847
3309859
6824163
11097
6227771
4056451
-5351553
5050903
4098265
-1552306
-416461
-9188029
1690059
9574730
-6007870
9959387
-4465730
6907058
-2221199
7425947
-6692862
7529494
-9054946
-3176335
-5575616
-6314918
530618
4689776
6116166
9037948
5732081
7942526
-1564948
3838851
-7385540
-6300961
9456175
-8273438
-3725608
-4821995
8056549
-3079024
-2386820
-261073
-4221138
-4738711
4680647
-7981767
-3420304
4792894
-2163247
-2523208
291650
1282534
-7653315
8345079
-2013881
-5899282
7647581
-7075419
1117413
6758649
1972811
3772111
-6935392
-5978509
6301053
3193752
-9652211
6665416
-9671156
2127283
-8526281
1709192
4403681
916625
1189492
264393
-8550926
-1617294
5931357
-433351
-86819
6788125
9499649
-3120981
-7611613
-4236650
-6748015
-6401209
7607056
6319019
5427725
-3130508
6067190
4993176
-2349506
-4796925
2176592
-17148
1150846
3527915
-2492760
4846483
3947677
1057178
-9633489
7741104
-9251530
5012990
-5992251
6840171
-5323409
9998462
3484907
8194489
6067039
3789385
-5778737
-6181869
-1242633
4098462
-9470566
5293922
3718571
-8263767
2597245
3327016
-2416782
9023198
-3732364
7945534
7284896
5794198
-1375244
-1357929
-8370734
7689241
-8690925
6657079
-8629761
-8490024
3605026
-9188979
-6304039
9069072
3516186
-3204568
6856482
7428769
1951648
6551216
2056601
-343741
-1831614
7671452
-7789560
8535850
-9062036
-1271153
-7093730
4504793
-832317
-7795444
3138076
7767504
-3207142
-4196222
-1165767
1867789
-7124655
-8620474
6566736
-8275332
-8298942
-5682072
-2946672
-5880448
-8515676
-632425
6102892
9280410
-4504956
-9335298
-7609949
-4788134
-8355223
-6050956
1705420
7361009
-2770035
8071302
9966105
7937508
-9966600
8906750
9929213
4699354
-2380366
-7543671
3234830
3367536
8521116
7238079
-975774
733754
-8138716
-9450927
3590842
-3235743
-6736931
-8364249
-7929995
2664195
-9161092
-6521462
-6400916
2846667
-5295392
5753205
8714031
9867470
3794597
8742711
-1900459
5942023
4150372
1223828
-3685852
4730717
-3770677
-2429311
9531980
7012889
2657331
-7071467
-8577184
9550054
-2319691
677665
6349590
-5418808
3528153
6162813
-4990847
4239385
-714237
-1355780
3028832
2901202
9726258
-2142145
-9902552
-4064989
-1989033
-7553738
5679327
-1400800
-3662023
-8917150
3927784
7109562
5166871
9810373
-8309198
2246259
5440519
-2308167
-227090
-2668218
6527349
9847500
-5011802
-9820204
5778994
-31725
-8527629
9786627
-3072663
3011959
9457972
-3606348
-4399936
8707122
1846676
-7759101
5529745
-4301251
-3467860
-1807144
8395411
-7660327
6170904
3800481
7522165
3883544
-4301903
-3278556
9654853
-7386689
-8850298
9624625
-9928814
-4060750
8632260
8968701
7180882
-363067
-7245647
6874318
3467884
-4585516
1700124
-9671862
9378344
1112131
-9237598
-5581391
-9662314
9970424
5052462
7397525
-3339461
4869970
-1952660
-7019958
-4239021
567234
-7554638
8443647
-1463284
9592302
912019
5666864
3060562
-2629714
6514319
9280584
-1827041
-293485
-9090052
9611050
5898972
922906
-4049694
7201697
4990492
-3350567
6725714
3857219
5070682
-478594
6969305
2417858
-5636021
3553605
-9323634
-8296011
-5127092
7309691
-2908995
3761086
-3587555
-2546928
-3834866
4989399
5639257
4272440
-8814922
1723665
93373
-3717167
5807116
7275507
1001042
-218914
-7621790
-8177841
2609444
1579189
2160446
8953504
-843971
7275144
-1565861
7987583
-5184075
9504958
1500841
7131998
9052015
-4523071
6638347
9178260
3203031
7962644
-691411
9113588
-8138380
9641694
-111263
-2758766
-2431442
-1972369
-2717710
3995323
-334082
2592886
9940464
-4629105
-7768379
-1584468
-4028216
8476139
6520243
8865394
-5306861
-4314614
-8889725
-3581308
9633897
-975616
1955827
6901722
4668426
-6895070
6381943
5278652
6883022
6785619
-7614469
4880454
8223334
2671243
-6111321
-2500302
-3100834
-6307668
-988996
4518214
9603009
4345837
7466647
-1436463
-5463619
-8987334
-7381020
-3592170
6202587
3480712
2379004
-79699
21869
-4591281
-1876421
-6524458
-2133811
-1546914
4851754
4897300
-8292950
-4673926
-6701142
-9413316
8050197
9360696
3293419
4228789
7929201
-8765496
-2503792
8395008
6234245
-6846299
-9165147
-1541064
656229
-841999
8322517
9480596
6692523
9860959
8945516
5402543
8016794
3821101
2662185
-9595297
-5081188
-6992482
4342436
4975460
-666389
-9220031
6052401
9418628
589350
-3130482
-450615
-1366870
-5789840
-7186898
-5454233
-1410318
-3428183
-2854621
-7356031
6056450
5335006
8600754
9646283
5797248
-3758638
-9584687
4003726
9711197
4031143
4162173
9029742
-2618909
-7204851
7733526
6661243
-4971885
8954520
-8006266
-2679335
6970553
3700636
-7290954
514384
-3297329
-1550277
-8186491
-5253619
-5951460
-2680715
-1381230
-7292286
9263085
-5097583
4199045
-1396340
7847631
2024749
2611657
-5967365
-7085931
-3636183
8598937
9704404
-5873954
-7222886
-7197097
8963423
573323
9628253
3612416
-2672472
-2680163
-8436404
5683770
4517082
2331101
4941765
7502652
-3568996
1692192
9193136
2341071
-8353208
957468
9918998
9977685
4873112
5893410
-2875420
-5977097
-7419135
-1167662
-2279167
-3651883
-1479705
-1022884
-2008784
4898072
9082816
-7437837
6979511
508751
-5800062
7337066
4871523
-9531281
-5950897
-3597187
3077464
-4320860
-809524
-6825910
-9008747
8172399
1886701
1775347
1906564
-9102466
847618
-1386917
5838639
321965
2019596
8389969
3039534
7098970
1585656
-8514025
-7403229
4665140
-2735351
9851324
-1335887
-4488662
-5821420
-3411261
-4259754
-5411331
7335467
-3457122
6628147
-9698202
3803148
-9664775
8787032
-3791937
-7307675
-9482558
1581215
-2084757
4924448
-6274199
-5618362
-1451666
8868423
-5069763
-5034092
1693916
4232110
6131428
8169878
-8276897
-9659583
2671311
-5709668
8459184
-4936601
-220223
8641167
-4930551
-1152154
-2958857
-2372088
-3764224
-4520350
7399434
-5667383
-664078
-8653709
-8903412
1946386
7920779
2542413
9402895
8241732
-5958089
-6834846
-1564340
-2470805
-3288635
5084818
1208256
3947264
9300928
-329779
4308065
-1369463
2411666
-645782
6695269
-6674854
3708099
-7860396
5134543
-3235659
-5601946
3784833
374161
2453412
6711870
-2561675
-6468020
1688795
-2152147
8521936
-759907
9311553
6438339
9423849
-2010265
-8545752
4898276
3387067
240911
5068177
-6920933
-4402093
-5725272
251472
-8704486
-1267204
-7787292
-590806
7840102
-5030146
2822768
-5292367
9916318
4714265
-2179774
8539331
9139256
7153035
-500784
6942455
-2084082
-689053
-9587329
5146190
-1901198
3839381
5252917
-6245728
8803758
-5408
-8619423
1318411
-3045139
5165702
6547610
9914675
-8609889
-8946783
-1674599
-3326123
-9413180
7311956
-4367077
1614166
-8999963
-6754814
1549419
4626285
-8735067
6148328
8294760
-2112277
-3299385
7313696
-3788836
6849241
1258297
-2791085
3181103
-8255700
-1393061
3297042
5883100
4717820
3972922
7103082
-412146
-8135521
9452669
8201091
6076582
5883951
-5789313
-5174062
-4004228
-5652416
6880460
4693441
3813679
2386910
-9546978
5389052
6688329
-5513715
-1946015
2002230
-9755730
1501869
9214053
8744755
-8472249
-4315716
-5154271
7063271
-4354283
3598597
4836337
7556317
-6247265
-161602
-6746307
5755657
9937610
-7185374
3299432
9016509
8804165
-79639
8965145
-5262356
-8846046
-9423567
-7043609
9475345
-6678545
4277017
-8947506
7380513
2540479
8241040
2218903
-8702687
-6332621
-6564177
4020617
3931091
664611
3908514
2741475
-678849
-8934185
-4018662
-1863678
5856826
3588779
-2945837
8493924
5821951
5631433
156041
-3784427
1624467
4838198
-6981017
9138862
-2606736
-2700835
-2742834
9093242
9607564
4140492
-6671137
990766
-2833472
1857095
3885671
9320493
7130
8954915
5714356
1315235
-2097179
-4716050
-4927195
-4993880
5197802
-4764445
8566352
322142
7634164
9468401
-2240093
4430955
-7358577
-8002936
-8811391
8918816
-3112620
3955807
-3296415
6862584
1641428
-4026459
-2066954
1971632
-1951774
-458861
-2708212
7021071
9405125
-4159632
7805858
-6982103
8164234
-9353578
9424125
359634
4002319
-4286382
-3861021
9164406
209314
8176354
-5788953
-8569748
7863916
3373508
7750683
2688660
4919019
-6072990
-8110391
6000410
5842422
-2754508
-1262777
-9091043
-7154414
3748616
3365488
-1997213
2501656
1733410
3982834
3592246
7724479
-4777762
-4470346
5801538
5722925
5759081
-8858726
4444075
389116
-1177863
5093019
-7236103
-600653
628511
6658220
-9586303
1156540
-7355897
-6861393
-4765289
-5471252
-5375840
8844893
7947255
5817711
-6910401
-5734442
7279827
6714663
-6582353
-3700522
1193929
-786600
-4743145
8761869
-1670565
-5021463
-3065936
-5566812
825361
-4249756
897331
1040961
-1722885
-7524103
-6780253
7770835
6815125
-1802216
-1325785
8807110
55996
5414767
-6187926
-1741551
-8925692
9458238
5260681
3222146
-3830802
-1097793
-5228662
1568946
2421685
-6909460
-4643356
-1724647
612203
-2498574
-8670826
5061761
-6767496
5094167
304199
-4716217
-4173578
7695158
-5595379
-2038762
-5064565
7854362
-7060826
-368513
-879036
-828407
-6144600
747097
6060584
-7914283
1143372
4936301
1624918
-1811834
3021090
-3832402
9983877
173244
-9567012
8623161
9139948
1525608
-9638750
-2916044
-7768985
368418
-1257255
8498786
-5404799
9042966
-21649
-572806
6192797
3353096
-5120870
-5704178
5437214
-1979898
6516615
-9105706
9660605
-4440174
9361384
-2396605
80510
6189146
-574858
-7301140
-443417
6185861
-9368973
1868228
-5315449
7074805
-9585546
-1810170
172531
2499108
-6050741
-1750770
1449472
8057957
3243786
2663880
4240364
-2190308
3105852
-9832903
-7410141
-224484
8928875
4479058
-356051
-2498003
-1575312
7202503
-3945663
4286783
-8768546
-5820949
-9298870
-4967932
8370826
9998646
-3203502
1281351
-300429
3804884
-6809044
3247246
6166467
6122126
-3669625
-169351
3150631
9903083
5762383
-128583
-6340265
-2128107
8894001
-8948059
-3913963
3393923
5272158
-495120
3759128
516523
9089644
3508888
1054425
9343550
-7169449
7216604
-2574393
-4124437
-2673735
-303457
3857980
2547586
-2608280
-5567062
6927959
8423255
1847244
7363491
3411254
-3314250
-7692897
7800350
29088
-946585
5026266
5654192
-4875727
5881900
5660626
-7394332
8641610
8963201
-6393956
3505614
7226183
1144551
-1072025
6846942
-6182446
8132895
-9011852
318984
7628975
4888682
-8461866
-1227439
-5568299
-8594590
8784155
-161664
102321
8796927
-6586321
2956377
6838759
-118669
-3021247
9171490
8075667
4455143
-7213669
1341598
-1153794
-1422370
-5860830
3902426
3163220
2083660
2692721
-3191258
6875366
632907
9578678
7141865
592359
-3131010
-6664967
-4997431
2621749
-4538922
1996148
932757
1863933
2296295
-2143877
-8415164
-6128692
-8258156
-9470034
-7801740
-5894917
-8680426
-9499744
-6060441
-2128432
-9488606
3199107
-982662
2939636
-9389356
-742133
-3627608
6814340
-1498972
714243
7077732
9888725
9609960
-8104153
-4921251
2748130
-9186366
-6762968
-483707
-44528
-9830378
-8036510
902817
-620958
-7183416
7043391
-363402
400147
8641089
-8092217
-3458600
-9201567
1604171
2485299
-7140939
-6761553
6102887
8479326
1162785
-7020359
7781413
8799262
777917
4124844
-423836
-5144852
-9137246
1999417
-7838446
-5849842
-2047805
4998610
-2157790
-949310
715859
2802992
5401212
2615837
-6482729
-7538615
1570479
5281473
3304999
-3350401
-8444703
-3151022
-6642817
8594222
7065469
5729306
-7304491
-5810215
-1988265
-9472918
3610881
-3769313
8280487
2436373
-3722963
-6058435
3254105
-5945469
-208580
-6008355
-1665523
-2288842
1845207
4542249
-1115711
137906
9684251
4987401
-3732693
7757707
4608185
5181248
7307023
8364656
4696793
3156116
7798761
7141575
9884932
4968618
548849
9789057
-1124876
8759725
6165641
-5010029
-6143372
-8865470
5274435
-5279625
4251348
-9482261
7424920
3417244
9297194
2067176
9197234
-3010647
-551566
-2665806
9055506
-8418865
-9728927
-76967
-3516400
-8039459
6330953
-5765418
5258032
-8918363
3755693
-2056531
-4202697
-3452035
-2068512
2259863
9788222
4633505
-9940532
-8888939
1058246
1586521
8475383
-237390
-4734720
-2538273
-8293979
-5318737
8121042
551031
-436262
-5852763
-2903066
5939771
-4450071
-3801574
-5931248
8826465
8527340
-9198591
6182869
-1072003
-6314422
-2526406
1264979
7011703
2959858
7200131
6931815
6514609
3436831
8145595
-5321521
416855
788167
-4455878
5996253
-4435782
-6512737
6830659
2498207
-425366
9505489
7358303
6862013
4351474
-6916599
6366097
2137207
-8500938
1824018
5781900
2223017
4711621
-3863309
-3002221
6204220
-4745658
7898330
7510635
-6867949
1970977
-849846
-1321618
-9567938
8194900
-4755862
-4438366
5528758
7571577
-8518896
-9239058
-4671877
520145
-6156058
3955511
-8308636
-8913740
-4098593
-9734048
-4256362
-9247540
6328016
5311483
-8540796
-8811693
4643017
-5856229
-846905
8914104
7732598
-2838707
-9345287
-9592023
2539085
9981753
-1071248
921396
-6389795
-2071280
4465674
-332252
-9430377
3330129
4324185
3419036
-2562641
365904
-2821084
441472
-7479649
-9977345
8849722
9609030
997013
8116034
-8568776
5029040
2590335
-7694507
8137154
-1077192
-1116409
-5066940
-4271836
-9312843
5344986
9768565
-2931255
-3835460
2595325
-2296904
5124038
-8585865
-7932063
-8533487
4837331
-732709
-7989042
-289020
3502038
-7937809
-780890
-2931890
9898689
7869987
3759786
-913258
-4586780
-6215573
-1161034
-9110784
-6255394
-6803402
-8031997
3585702
-323582
5456328
7438498
-6231475
-8955999
-5685695
-4655303
4003560
2107448
-7772546
7482539
-2073807
7740598
4331443
8584179
7325258
1186237
8385270
-6841710
1367725
9671415
8918221
5135204
-1323518
486474
-3661263
-835120
3402813
1306160
-1489528
5809580
-4528112
-413765
-5295440
9241340
5485338
-4150764
-5266920
1596490
-9273724
-8874338
-7435970
3893845
-8069620
8324436
946089
-1738635
254755
5404212
-1831181
-7617669
4444921
-9601817
8934640
6080370
-3622906
-2724283
1684805
-6227186
-6436969
-9998794
-1207736
113868
-7252751
7408727
1561192
-9233789
9064895
9177784
5658005
9644375
9933121
-1144764
1045550
1924735
-1422452
4109714
8951703
-8532043
-9901943
2340874
6860214
-383032
-2505058
-2896897
-9506941
3307499
-7055706
2675271
-3949952
-8369560
7763559
1650085
8490730
-2644715
-6796280
688354
7466704
-132749
-5529359
-3267564
3062601
9298191
-1708459
-9199478
5671840
-463917
-4834621
-9687492
-7952150
-6805204
9131837
3007936
7041898
8484782
6199053
-3183291
7705785
-7098888
3697674
-6643788
1946842
-873442
-5419278
591452
3548466
4545075
1779385
-6892207
1310239
2353785
781095
-1826549
2647852
-2054131
7828532
-3261010
-9804980
8543732
8070892
-9741524
8974475
8934488
-6194681
-1307014
-8527168
9429060
-442212
-5406868
-174592
-7433149
-6333635
8807657
7518287
5943326
-2693679
-8994895
7063596
-8992423
2255630
2695387
1899351
-6980045
-4500632
-2083710
9597876
-4724615
8178986
7627401
-5134176
-6995709
8406868
5448125
4930665
6239878
-1105838
6086182
-4542431
-8048211
-915286
1731146
6213184
-8877628
-8024784
1173699
3576335
8079095
6620488
2544486
-2412669
1408861
4551064
-9598998
-7032267
9817508
-5259422
9102868
-5992054
6832300
5515424
6929689
-3800768
9532261
-1169257
-5135741
-4418506
-2796567
-8594534
-4632974
4200074
1489535
1354222
-6451808
-9782710
3978030
-2097380
-8668733
5787398
-105679
3917172
8126497
5883223
-2380506
6747294
-7382812
-4592761
-9257947
-1448232
8614411
4926250
5748585
-9450869
1976683
7377024
1499503
-4064071
-4125687
1375231
1060118
5153376
7198395
2315572
-138603
-1536000
-6882315
-1557067
1703739
-7039614
7281713
-3326476
500862
4437491
358595
4385833
-9056175
5649223
-7921068
366952
-1121940
8206375
3728438
6570621
-7371124
-1934967
-3912142
584674
1422113
-1517957
531047
-6487149
-6511120
8379555
-4733639
1253428
-9055212
6743000
-2093137
-3131565
-2675009
9719716
6593718
4670421
-3388468
1749337
-7963281
-1808932
-6926913
-8538683
5159419
-546554
6995549
2812997
-2311273
-7172603
-1044343
5904930
-1360384
5368833
-7785244
-9634915
-1158035
-8844780
-3403585
-5244455
-7929842
-1417508
3600993
2022708
8663620
4506637
-7605871
-6290782
-3116547
-92116
-613623
3806112
-1809803
-9099152
4216146
2124562
8515819
9888586
-1447112
-8630906
1793819
-7597973
8663843
544212
6807483
-8853885
-6399514
7703493
2769192
2082219
-3262359
6032495
-6395778
-8849455
-8563519
7726092
-4976807
7684645
-463437
-5977535
-5075960
9762321
-3155115
1045099
5965319
1706919
4301525
-1283107
6969244
5905499
-8404570
-5527205
7826124
5913555
-6718838
-7652362
7328465
-1667379
9453254
544952
7166392
-5213131
-5742513
7887042
8564358
5684128
184388
6482826
1188367
7268213
-2851637
-3169295
1432342
-2428589
5049250
589387
9077293
8128902
-7350844
-9830081
6287378
63387
2179399
3711611
-3179409
-9183641
3471822
-5391497
-187354
4336175
-274131
7290452
458500
-612904
-9600708
-474170
3066556
7620825
-4927572
8965955
-1949612
5987354
8305047
-4942389
6547675
-1580428
-7873884
4570791
8142112
3377318
2613695
-8884456
2661930
-5824722
2150831
-2744960
-9110989
-6757199
-6343297
7266463
8584652
9228506
2270982
1980230
-1223246
-5555282
-1069810
7226570
-7034526
1151606
-8766648
8747218
-3322630
569127
-1951983
-6600571
-7064153
2216450
6977896
582890
-993062
1656950
4297917
2296263
9626924
-3876561
-2189457
-9711521
3152598
-2180029
3749898
-194645
-6246662
-9102294
-3962943
-2712292
3947809
-2716620
-7137506
2115094
-8880422
5197465
-3511070
7055837
3095789
2734632
-4454998
-1977410
7213954
1093902
9616550
7567742
-1050288
7651415
-5783974
-5829981
-9632189
9404153
4861760
-5976969
-4202917
-4325862
1545093
8584721
2161285
2966789
-7546982
5317225
-9881980
4320020
-8694340
-1844213
-9293217
-9514476
2252177
-9432979
3133136
2864348
6460015
2056052
-2396633
488852
8888612
3336808
1914645
-8059307
-735048
3414057
-2261616
-9228837
5809181
-5182346
8136705
9854226
1900602
3078652
7108960
-3141539
923867
4169865
-3759580
1551022
1820340
2607165
-8194904
-4762942
-4645268
-67149
4754257
4891074
-7709004
8452568
-3862764
2967946
7198109
8980776
-4788744
-2191780
-1306264
-5814283
-624129
-139890
-4700379
-3106235
-2236987
-4335022
-7868646
160347
-8283184
-2378259
1102186
106467
-3141185
-5366977
7068285
6734494
-5100658
-4621840
-1682916
-7227707
2285094
-6230755
6777692
-6798671
435675
-7881172
8619253
1072590
2724888
-1473354
-2232509
-2975299
-605192
-727027
7421993
4234865
-4403077
-7794059
-8914640
7755125
3050653
735536
2724026
-5950069
6013310
3521471
-2024403
9294097
-7341699
-9305240
8228530
-2539073
8951711
2402732
-4831226
-4668828
6917716
-2512062
-3751978
7101422
-6760704
-912739
-7521828
-4665344
-7930601
7677493
162708
5873597
-3432131
-5133424
-7282447
186296
6166143
-5947685
7585407
1250315
-3452354
-9860374
-4502735
-3158854
6881470
-2719168
4327375
-5735744
-2888098
8209139
3652543
-5989159
2043491
2215439
3669648
-5627384
2065121
-5763910
-1980287
1369783
-7805906
3345202
330009
-8466295
-1868590
-6364580
7839565
6543747
4192592
-564160
6815791
67547
-2255155
9922149
-3923296
2529133
-5810902
5290626
-9855792
3631699
4028630
-518645
9453723
7784898
-6377765
3724615
-2309341
-5730778
-7423104
-1071483
811355
-7475138
-1996680
7867047
-8675141
-4242990
-6412959
9055631
480104
8499200
2924181
-6396313
-7033481
-9137988
9425058
3521594
-3415872
-5668902
8161959
-1193238
8664134
848613
-5552847
-3828396
4539636
-493428
5548218
4184134
5202212
3785570
-3610173
-598032
7831363
3845662
3947061
-2033592
7885640
3079363
-8557831
-2577315
-9378027
-4437764
8354468
7307695
7959274
3556617
1566353
-3202069
8151355
1169914
8281850
-6763862
-7236787
-5134376
3192221
-2313095
3408111
-335627
3465626
-4076875
7483688
4455534
2756861
6035277
-9530103
-8948452
-5958631
5365412
-5994881
5585726
742869
5554348
-8246368
-5046778
-6035290
-7746117
-7046172
5152914
6259945
-8324221
5475099
1125952
-3800640
5117322
-8698901
-1248081
1015253
9226421
5922538
5730116
-8663060
3773881
3033171
273125
3438633
-2201978
-9679676
6975208
-3765964
-8969972
-3857869
-6571696
-517689
-3737658
-4419128
-4309228
6108235
-1136599
538602
-8408127
-9866752
6956312
6001602
-6661093
-6210767
2118444
-1996235
-7979186
-9959313
6816510
-4932829
6909630
-52115
2098791
4482613
9548023
-4218926
2084602
-3081563
5237650
9004357
9884436
-4438060
-710313
7395357
3382079
7277067
4312566
7221239
4756904
3118934
706664
9283662
5893409
9675235
-3097994
-4383613
3666694
8487402
-6422670
-4540011
4281845
3725401
-467919
-5219991
-459316
804504
-4047459
-1402340
-9058042
93808
-177228
5456865
2401414
1729844
5621513
9320996
-1401129
-4928870
9232297
4928676
-7077293
-5398181
346529
8890373
2273139
3619146
4648339
-8343587
6015798
-3914108
3689215
5455093
4668966
-1381141
9299511
3697272
6566485
6056962
-8429563
6763024
-1262936
-375202
-7095672
-6589064
9687377
3523892
5212538
-693524
3323008
-8672228
-671400
4176066
-9136146
7120501
-1109905
6683164
522314
6640690
-7899045
-7593714
1811187
-4446861
-4808990
3614382
-7599822
4548818
5485671
1499473
8595757
-9090297
-5531736
-1165715
8305853
948438
6408979
4442018
-9036777
4873087
6497547
-9190286
-6831303
-6095781
-2653150
3161133
262373
3030203
-8446802
2616857
9358079
9187470
-5895944
7323585
-7184835
-5854837
8639597
-67780
-2896604
-6920961
4132411
-9098043
-5690474
4412391
-511819
-6621359
-1370236
-8970175
-4253239
-3740580
-9259713
1909918
-5650419
3029218
-368535
-588801
6945615
-5058177
-8836761
7441896
-7071976
-798461
-4601951
-724429
-2896942
2596464
4559208
7122970
-1508716
2162589
252442
-3174975
8154169
-8167960
6906179
3072430
8932699
-263375
-7930150
-3818331
906578
-2788325
-5653235
-3678917
6784101
8862680
7718411
5850522
824749
3256746
9198111
8448020
3212162
-3853027
7781275
-6488843
2529145
-9256202
6783500
2880709
-4418213
-8207194
9785265
-4104218
-8618863
-2791426
-91509
-567048
-9048708
-6127186
-538156
-8448329
-8394091
-2779842
4894966
9660906
3194714
1706925
7758725
-8163305
348457
-1126416
3879018
4977589
-4142061
-3170277
-9889981
-6175182
-3075002
7863063
-7843592
-7450767
-1902679
-3064484
-6417613
-5541997
8081462
-9101587
-2199237
4477043
-979246
8494056
-1936658
2133014
4657723
-5302213
5307332
-6672279
-4417367
9657545
-4969131
2886305
-6128036
-9569900
4989593
-6173556
5304104
-8411090
4414853
4277662
954036
8646303
237946
-1611237
2093512
6237587
9642683
5716860
-2813739
3751499
-1949577
1974157
4674185
340613
-2202573
-7109977
-435349
5525663
-9643000
-5209321
9052262
8549049
-6521385
1030779
5714152
-4626674
2109547
-4538639
-5600842
2001374
-7963126
-9855631
6520628
7457304
6819814
5217958
-5468649
-6559414
5548920
5940019
-9449468
1323999
-4115656
-3993074
-2008490
6506862
-8291031
-2953423
8804978
-5734421
-4628252
5508966
-6390991
7550282
-337054
-1584993
6708956
6748591
-2935980
-5008884
2690505
-9873637
-4873914
7757333
-6616909
-9116122
5351307
6577833
-2563024
-9008450
-56471
-3689785
-1575603
4343364
-7874445
-8991274
4045247
499924
275502
-1542467
4513243
-5700469
4056352
-343192
-2781450
-2301255
-6252181
4349369
-6234540
8703058
6493962
8808247
6449807
-7742352
9977647
-6344561
7273130
-8641406
-5564546
1713869
2241587
-9151588
-4937094
-5019395
-1344741
5973238
-687097
5032188
-6061225
1985178
-9872424
-1244544
7454445
-5120911
7661512
5483341
-5697513
5968359
6161651
3767575
-4282860
-2070547
5738787
-8870987
8653867
-9442103
9102086
1635510
4941355
9388956
187769
-471051
1978563
5069965
-1346400
-6752847
1319749
-1099800
-3371622
3487978
4379805
-5644468
6602346
-591465
7731802
-5022344
4182811
2048888
4826301
-9577916
6941848
-6295391
-9246559
9920286
8395784
-3457253
9266433
-4361657
-8136873
-782253
-3685672
7078354
7374938
-4031763
-4409704
-6577193
-3774340
983367
5057545
-3159197
6687837
-3555197
-802080
8454813
-5816101
-4586357
-3429532
2794114
-505445
9956903
-2316881
5776641
8129792
-5509846
-2926327
521890
1852061
-8375218
245087
5363851
-9268985
2066097
1416502
9299301
-1475823
-3412683
-9124320
9758514
-8898224
1755088
-2208091
9092636
6584056
5761305
2967738
-9327235
-1736680
-1594732
6396186
-1715713
-877589
-451793
7156067
1324412
-5980460
-1718295
5727478
-8047784
4738530
2116023
-83299
-790206
-6796297
-5673709
7746978
8408706
2092103
272852
-9431160
-3726507
1790019
9637565
-195106
323562
1510633
6679700
9931350
441889
-6551337
2988863
6769777
-3572560
-9952376
-3601184
2240200
8439493
4337477
-1537538
1429879
-6711986
-1424267
4386748
-6254236
-3223332
8514107
9900418
1402178
-8356941
-512501
1409611
-5562992
5233789
-4723042
-5133209
-9795901
-760565
154881
-8521680
-3718578
9184647
5069077
5484067
9899434
-6203219
2330803
-5838212
7716197
-3051182
-2519510
7819878
-9894715
-9496205
3079379
7723029
-632628
-6524954
7184065
4157295
4200575
5743479
881295
7486481
-7029415
-8061597
8644965
-1839738
-2252481
-3897880
8844924
-543448
6116024
-5434537
7122598
8366589
8037279
-6151491
1502865
-8228810
-3798034
-1228440
473214
-4699807
-2620574
-8397068
1144657
3629747
8787042
8116893
8991480
-4301151
5086898
7483960
608673
-1082321
-7925462
215324
-1156460
-3529493
1436498
4356129
1291787
7963561
-7030488
-9676226
-4030952
-1771863
4732972
1458841
1298361
8244380
5222199
-814040
4904329
6357873
128910
7504548
-2248564
-4353239
-6721551
-8782796
1921291
8933964
-4374737
-3088108
4247781
8696723
5518552
-1985567
-3141001
-5330866
2275988
-4169942
1015984
1364692
-8157575
3659384
2346267
36532
6694058
-5796566
-796407
2293717
-1168490
8411698
-8576408
6666079
-8895647
-7194802
-1482924
8094836
7904149
7796272
5657666
-4323009
2164287
-9011327
2821127
-3207746
-8160634
4881447
-6439316
-600042
6381796
6940102
-9464244
-8937103
1333446
8444624
3407497
2207764
-9397502
7479529
5096462
-1025501
-5659658
448486
-8629084
-7826798
4494682
2703339
-8034063
-5686550
601843
-9637081
-4397460
-799333
-1321768
-9134369
-2432660
-578501
8329740
1465823
-3295117
-82465
-163615
-373144
9113721
-4167609
5486753
2128182
248457
2087390
-4159986
-1652544
-3042089
-4016807
4608728
240024
8765985
9079185
1865180
4076913
-7173513
-3261264
2660567
4630478
-1411144
5044870
8681396
-542320
4635625
-1208463
9268868
1025457
-437040
-4928894
2439865
6678938
1350036
-570053
-3304586
-8573400
7267628
112061
696382
7384590
-9077367
5893648
7980682
-9802321
5168350
-4610555
-9969661
9803551
-2082419
-174094
-1373568
-7985717
8831209
8959031
-9369677
3808712
5011302
-7698545
5965216
-5320719
-5950083
-4030332
9985441
-1200025
-3465187
-6256373
-6746535
-2166103
7688698
4955751
-8412708
4492654
6016635
-4289643
-4982399
-9996730
-8033691
-6676355
2231260
-8696015
3576258
7410919
-3116837
-4218480
-1599315
-9825061
-3250959
-1881249
-2199021
1433668
5552884
3838078
1065527
6785096
7584616
4422271
-1844185
-5653107
-2402712
-5581336
-5574671
-9257517
920001
7278343
-815004
4382319
1156360
4907967
5628311
-3050462
-6392330
9346473
-1157242
-650030
5049248
9411864
-8242510
-4863130
-9401430
3111436
5563014
4846366
-477289
-9070317
1242888
-916181
3068142
6092390
-6458526
-4665407
-8913217
-9901075
-3610000
7413774
-5013233
9294873
-1565445
-9462313
5805591
-8626203
-7071419
-6962790
1983568
1717665
3967637
-8646026
4915703
-5869585
-1298547
-3552979
4766448
-3693980
578894
-8303792
887050
-2734615
9109276
-8991895
-2163114
4839954
-6896738
7822961
-464822
-1307705
7310753
4696354
-4307299
-4234911
6005564
-1614651
6232688
3326395
5739835
-5305390
6768570
6734396
-1103853
-2246813
-5724892
2970479
5041551
3779935
-864448
571944
-6126586
17916
-5026001
1325532
-6386166
8421992
4392080
861557
-2208288
-7131919
-5327296
-5024802
7711624
106745
-1422892
-299458
-3721433
1356634
4737684
8291908
6686927
-6850558
-6503583
6091832
-283934
473443
-7794942
2668648
3685819
-2633442
4331932
-7790952
-1535534
7988369
-4732770
-2269523
-3003814
6430136
2915448
-5551686
-5806914
-291341
-9107493
1123690
2132018
1773010
-3947483
-7262125
-2343953
-4088709
-9082063
6390945
8419388
4999771
9190179
3522060
-9420648
-3102962
9176411
-5875302
-7114762
6290529
-2846746
-3510616
2719333
175087
-55347
-3847742
-9726467
-7810972
6066220
-6250387
8857845
7386006
3475760
-3683950
-6447258
2865217
-1627545
-9910253
3674434
-4126235
-944051
-6236418
-6251079
4219055
5479722
6847699
5120070
-803974
-3178029
-8975445
-2703056
5866812
9349419
3345882
2844191
9527047
-1640118
9297232
-3238175
-115732
-8260700
-784837
9626725
-3286571
-2283010
-6579515
-8316652
-1736661
-1267787
7527577
-4724214
-202086
-7725167
-8389922
3065918
-7963466
-1310451
-823127
-8734881
-9107328
9870908
-3491877
497631
2204803
5189472
-6933839
-2944053
6306815
-8768770
136694
9468346
7403399
-4303355
5955769
3133944
-6785837
-7453059
9921724
-4375988
-3895199
-5768623
7088084
-8847858
-8863938
-5486656
-5829188
-382375
-4667830
4031888
-7812963
-6202903
9345421
7070347
8943465
-7346949
-4121390
-1028632
-2771091
8385027
48875
485252
-9994286
7947978
9836316
-6279626
-4153248
1336534
2920360
4834487
381401
8540701
-4198868
-5386354
4332810
-4438548
-8739269
5823971
584024
5062733
2480481
-1858479
-2924643
409883
4702509
-4621690
9674785
6818927
-2065147
-2680131
-5379796
9468010
-6055401
-7815196
-7655874
-223232
8162355
-2097537
-2746781
1741189
-2917878
6906958
-2436233
629398
-2951996
3872388
-514421
-325578
7988623
-648062
4014988
-7071838
6286855
9269226
-3478466
-9250169
4083033
-8184501
2633306
-9541870
-9725242
512162
8812385
6411980
1183135
1274596
1125624
-9088617
-2318251
8281193
-6419300
-9720461
-8646824
-1166408
-6301401
-6268350
1520243
4827399
-8404721
4716880
2519065
-1236813
-7586871
-4741750
-6089157
-8176173
-7108235
-1776574
-3715020
-9927343
9258251
7960044
-1217421
9255719
-2726376
-7293741
-5426621
4560237
1609254
2607460
-5086228
1990273
4614831
-1334261
3150389
-7811949
-2293027
7869795
-8766424
4546349
-462246
-4060852
2040177
-1992822
-8315308
2907437
-6438370
2640020
-8107755
8762041
2752750
-4522572
-985860
-1184633
3865558
8680048
2573206
-9737856
2840191
-19122
-4521532
-2691059
-8242151
-7873932
-2376559
-5510729
8464637
-6615819
-7891391
-624341
-8976018
-6383066
7574940
-1764330
-8222873
5269128
-2261611
73423
2368507
6646365
8393479
-6793008
-7077498
-7595007
7441590
-5964305
8847410
-2567705
1705650
-2672612
3831764
1350789
-7415118
-6917439
-390509
-5267232
-517752
-8419250
-1906220
-9524948
9247554
-8691687
8071714
-3157480
-8020641
-1164387
-2907174
3586564
-1327090
8778270
4992417
7582150
-6585900
-6308233
2847916
3774349
8771364
-7420102
-4746853
6829518
2812449
333736
-3238646
-8056305
-6776830
7579273
3628466
-5620222
-5565650
-6481269
-8465273
-7581791
2656270
-3273392
-8320472
-4856545
-1226402
-2054030
606571
-3762523
-6373436
-8848538
8109433
7776836
157262
-6711266
9881124
-4378299
3203245
1575950
5557140
320555
-2824872
2623764
-3413004
9581433
-5138828
-7432756
-8961558
-4423636
4416528
7369376
-5501865
8839677
-5888547
9629081
-5161590
9057651
-5298732
8883224
7585007
-5946239
-2365518
5256143
9034343
-7118090
8529746
8103677
-7236115
678454
3777525
-3005534
-5224196
-4801214
8399879
-7249470
-9888953
8128602
2232627
-7157376
3321731
-5072873
-3156419
-4056992
-2411088
630543
4046982
1671702
3563732
-4818237
7951099
-6415228
4799897
-6429688
-4995455
-3634218
8488460
-1067754
4981669
5831764
4510729
-9430295
-2273730
885274
8753246
8953869
-8416846
5945835
2122270
-8198660
-5812467
4653412
2174150
829228
-3269660
-3470769
-6540180
-4531800
578759
9830659
-3991550
-3853953
2578810
9551710
-9941777
-9148369
9996606
-4822464
668938
9033628
9049855
7989180
4273545
-6364466
8483430
-7430941
-3230021
-5684054
-3532828
-3266169
355235
1085667
-6116122
-4203372
8990323
9197488
4552797
4221467
5149934
-2722181
-7977221
-1819211
-5836317
-6110479
9629249
6002288
1531772
8449263
7661108
5005837
-5852327
8041560
1176629
8601239
-1409754
6260382
-640189
-4646017
-3488495
6880596
-2822181
-1160004
5488908
843429
6907514
-4372779
-3434782
6758319
4487937
-6282074
-6200045
2303931
1955516
2191657
-2802275
5468866
4803192
-5577136
3531230
3761010
-6590875
6141534
-313830
-4977634
-8604228
8887615
3517764
382922
-2331234
-2522479
-3224983
-2144940
5410889
8067878
-3536254
5914028
7218411
2210467
-7350259
37092
5258499
-2346006
5480033
192949
6655848
-5122212
-1099548
-2481711
8382797
9404220
2374602
9884242
3663385
-6132523
-6474262
-1742385
805297
3430059
7508384
-8073155
9589627
7661803
-568948
-2405777
6711700
3868112
6732802
3186870
6084162
-4105270
-6042667
7230414
-5858327
-789367
3902959
1325785
-640846
-8845861
-7000169
-4236396
-4166640
4465669
2106180
-7606252
9318296
9287067
2113521
8243830
1213681
7405135
-6341528
1911044
6019826
-231654
2718256
-9059604
9633757
1547607
-7096519
-8235020
2332151
6046606
-7298246
2645575
-6166944
7407009
1027323
3779999
-9140590
9432530
-6041288
-5261003
-4306794
-3024995
-2947794
-2106321
7928642
-2427451
-7314357
9280129
2180082
4807253
-8979445
-172675
-9398502
8916166
-7164852
-3979270
-5403820
-32341
-6700444
6959196
7131039
-1889624
-3896753
-1684820
3065620
8723769
-3323124
-1029131
3348650
2385707
182741
637897
-2940272
1122996
3672311
-9417084
6744553
1698995
-3880383
-2646514
1213519
9451575
1741111
-4870912
5196836
-8749718
-8401167
-5953733
-6677909
7229971
-8237212
1867566
-5980979
3389508
8784530
3487871
6758742
-7719522
4273078
1292461
3474059
3618471
7522184
-1895808
-2287741
-8355508
-8476204
684886
5013732
9772912
-9984883
-7020974
-3080916
-2136351
-7242158
1456381
-1674114
2957286
-3340143
-4986710
-2343931
6213035
-1497881
-3021111
-7546157
689687
4483843
-3991267
3079408
-3942312
4060441
-4298333
9507569
6814686
5533959
5038059
-6849274
-4283391
9128486
2026012
9881995
-8539359
2844871
-583330
-2372976
-6600596
3696343
6203746
-7259274
5360315
6108026
-8619962
-2567569
-8825719
3144535
-5742331
2017227
-6420543
-2129206
6742389
-7533317
6692040
5214785
-6727716
-8989323
7624465
-7676938
1638608
7156493
-6922458
-9498589
1980176
-4483855
8705031
2905532
-4655714
-4130579
-9258930
-7855620
4789743
-4289956
9822327
-7075334
1943425
4176799
4723447
3088282
9369913
-1411895
3131935
-217542
7710051
7569211
-4568221
9933483
2121910
-1894960
-909062
-7961117
8166693
-8171674
9211452
-3903930
-2022628
-1979792
-3321530
3144221
1171435
-4957782
9538388
1354334
3073025
8671916
4778910
-8728779
6108884
-1587581
6859815
-3741649
-8602005
5792002
-3620176
224984
3311016
-4725974
-5393970
-3071033
9011421
4531475
7794190
8639023
-3621688
2762858
7334117
7200889
8119413
-9677271
-4355504
3790764
8432995
5653867
8779582
-5695498
5010712
-1249182
-163688
2907374
1071496
-3448353
-7283389
3446102
-5759585
7602419
-4366477
-2639749
-8872864
9846068
-2884533
-187845
-5256986
6274044
6467808
8477784
2119199
-672455
-7327189
-2865829
-5027579
-8437403
-1665547
-3915962
657678
4214840
2089445
-8641355
7421143
-1472203
7342344
5824609
8451539
7501084
6310629
-5947419
4274907
5438011
-4306553
1306558
6542277
-1030999
2710418
-2807116
-4630922
9316939
1899466
2460685
5559206
-4742183
5499691
9955487
3244461
-1158378
3652676
-9049342
-9239442
-1409979
9035144
-7565538
3945327
9858511
9926154
6910415
-207265
3332126
6946247
-5176355
8710520
2727035
8830859
-3306160
-884577
6094976
2135895
-5389255
-3655349
2850971
636087
5805474
6799808
2695282
5175191
-5986263
-4564573
-181187
5531888
3111831
-9101650
-2088280
1212499
-1290344
5016626
-9200444
5048207
6512712
2142874
5522329
-4000665
-7073859
-8484854
8220813
-1957958
-1172063
1617043
2649284
-5711464
4153948
3843877
8342987
-5510935
1026897
1439389
-4748020
-1627701
4018116
-2005589
6201556
2054545
-9722143
6830468
-2292641
-8696710
-7908713
-4613477
-3086082
3637875
-5019099
74208
-2413081
8004334
-4626307
9200332
-1596660
6613651
7945266
9957413
6663931
-9151686
-774429
-1995329
8777237
9446279
-9462581
-4580295
4080245
2593721
-6248650
-4727488
-3986552
4186584
-5085687
5105243
-666012
-1625189
6737095
2724737
9761829
2891264
-2051298
-6125592
2587535
1182161
-4798600
-1297359
3427183
7284130
6171008
-8738692
-610921
-2161791
-6324229
-6032242
-8827657
8050774
2805927
-2801538
-9008975
9744994
-8900557
-9414540
-7236819
-9512136
-2931715
-4158889
-5843010
4854781
801030
-9098859
8822231
5386386
5917396
1922217
-6448494
-9748148
-1856273
-5202896
-1343456
4924706
5774940
-4382883
4413593
433585
5988315
7211356
7188441
3033812
-7427489
1412591
3108742
-6317575
4999781
9792115
4815235
73311
-2047457
-9912074
8080435
-2735506
5031502
-4908279
7183982
-8299051
-195934
3439919
334013
-2890932
6028390
5074842
5964234
9753628
2190800
8388599
1440172
-7864038
-5629178
-6429975
945687
-178155
1914582
-5192726
-4365325
-8737489
2478211
861205
8871143
-8143051
6825318
7011502
-5572749
-5741909
-9757896
1995841
2149086
-8838788
-504089
221275
2103618
-1610926
4457432
3783619
-3257457
8661838
-1733517
4184753
-3207001
-837374
-2557437
-7875666
8237352
-3713447
-5434540
-4927988
7433884
5540521
-8379110
7600876
3050449
-2370936
-5485223
-6761440
2789640
-2478940
-3932691
-9999206
-207026
-7452056
-9678201
2561110
-5824325
-6922931
-7110052
-3362634
-6455794
-5081900
2474959
-9560153
3621728
5527373
-9881321
-1436076
879660
-4622858
-7035826
-7077855
-4749983
-48013
3455866
3905009
-4917982
-9253293
9244774
659719
-3217493
-9870597
-7216676
-9635464
-7798905
9615307
3982070
6280469
-5579960
1848954
-8947664
4835381
-9885065
-4797123
-3545693
2134276
-1858799
-747398
-7772758
5754348
-2383098
-4399894
-9748607
-2537312
9247329
-2478268
-7508546
-7863592
-9864966
6385585
-5055101
-5809899
8226894
200897
3298157
-2283578
-926918
-9260634
-5529037
2361222
-6666946
6278539
4047911
1253064
6912213
-6159352
9756416
-4512824
2032974
538408
-1578691
6447867
-7173900
1066561
6819645
5988938
7113056
9873220
5640223
-541891
-9550381
6866043
-1967031
-1819580
-4995739
3792862
4644440
8363265
-8835002
3767013
3920020
2502592
-2262298
-9881212
9189887
-668005
7446071
-5787787
-8045551
-8594279
-4335873
-2879911
8366830
7209348
8247068
1365252
-8788046
-9534355
-4644816
8554637
-5557991
7623643
8246509
-219606
-1887961
4966300
1891913
-7901423
-9647044
-912278
6233231
3523859
-21524
-2605384
8718779
9666776
6976682
-6315082
-1319047
5552597
-5850784
1063896
-2898024
-6509626
3888970
8419695
-2109941
-4457241
-2861905
7111998
8070404
9194054
659987
5406076
2323838
-4017141
2378869
5506985
-2117345
8733422
-3852024
667188
4407722
-7306283
-4252201
630933
-9404864
-1242972
1848682
8002558
643949
1628565
-8479797
-2319003
-6105011
5804212
314965
-471909
2596524
6573244
1313518
-6457885
2043075
-978879
775853
3507415
-7420741
8682321
4085761
-306753
5400358
4687667
3533935
-4216030
-9563299
8123980
-5373945
2026503
2450031
6805924
-6693664
-9007919
-4162170
-8943993
-1872756
3792063
-214954
-5008902
5278988
8010991
4066628
-4466432
9136875
7000860
-9853018
2312987
2306999
-5393003
9211294
2211180
-7076875
-4418144
7734942
3372669
-9946147
1277024
2955124
-8911246
5273351
921453
6732676
-7267465
3725715
187649
8480353
-5945581
4844695
-9998571
3443162
-4510248
3766578
9070176
-2360126
-8307773
-7798343
-3306175
5684704
-6581228
6372070
4615951
5679679
8396042
-1983033
1351472
4584740
4786029
8248891
7333063
-9698257
3211287
-3734091
4752163
3382495
-8352891
3328133
-2566416
4001344
-4409942
9416552
6419322
2283312
-9376397
3516522
-9050703
816802
-7817524
2555002
-8173460
4609540
6907230
-5308078
-2111421
5317961
-5562418
758326
-3277322
-8408470
8570842
-9197943
1418891
-3475203
-7811721
1099574
-1485264
898188
-7676890
-4175247
6532459
8980496
2415288
5767922
-3638322
1775460
-7460635
5257520
415901
1207453
5645622
-817160
2026777
-7937417
-756175
-6530320
841951
-1452968
8832155
-4666353
-2477489
7012064
8284202
4916634
-7166935
3398716
-4106901
-8543911
-1031134
2350560
8696106
-2935540
-9783935
413941
1076131
6393948
-333384
6922569
-6507378
-219864
-1975954
6603120
-2167174
-938300
-2101327
5659749
230027
3574943
-1494276
9064930
9234754
683922
-6555437
-5711058
-342927
-7974482
2377553
-9360921
-5305294
-619719
9201323
5133116
-3587195
5141542
-6112274
2285024
6614484
-2056002
7662164
-5080029
-3939118
-4407540
-6394668
-9506313
981760
-2272562
6224206
-2425927
-478009
-7251642
-1159026
2514175
-3601663
3961726
-5421714
365271
3846790
645473
5243751
-1951154
-6516250
4956611
2033510
-2004082
-7809472
5534715
3697796
-1295866
7479097
-1675058
-4582626
9641676
6517409
-5411963
6913727
-2725884
3171600
4613196
-4872621
-3968913
2313366
2770327
-886944
7091324
3094779
-262449
-3318201
-3252558
-245575
-7703501
-3415608
-1638171
5071459
-6633056
-2452778
-122942
3251599
1739288
417093
-8193753
7515718
1720437
-9682379
2768774
-9766777
6741333
-4452974
-4983368
5536440
5560434
-9417453
-9877509
-7511419
-4654697
-7980167
1143726
8099667
6373718
-4584533
-2736509
-2181669
9437719
1189374
-6127032
3588714
-118882
7869452
-8103788
670054
-9636956
-9898176
-6389865
-2707988
-9354761
-2433091
-6397220
-1998733
-50012
5818183
7045875
5815101
-2718484
-4419732
-7662573
733138
-2288568
-5786644
-6996950
5269819
7131662
8965654
4661934
-6557193
-2425306
684401
7849452
-5026048
2136429
-9863887
-8458962
-581302
-9196040
4285342
9151076
-9036224
9650934
8194246
-5798313
-6309878
8687528
66377
1001492
4264390
-5234649
2678900
745395
-9938422
8531383
5847530
8773674
-3981538
9980435
836767
3984983
6570367
7330654
8647468
3106834
6273925
3537680
-9742450
5579698
2880269
7932027
-9953732
7005884
1368058
1918908
7365893
4415732
-1512465
1685027
9632484
539464
-6881553
5089840
-720710
-3305686
-7114059
3532461
2740123
8522570
4205216
4468577
-3758490
5073106
-5365165
-76876
1658199
-8177027
-1193806
-1511917
7921866
-4081669
5840894
3996325
-1497132
6020513
-8197308
6213497
-2819545
9510300
-9067798
9133645
9886103
-1225358
4092707
2803539
-4041561
-8022006
-2256223
-6002898
604458
-9373029
-285709
1208293
6390679
4382446
457496
5735057
8212342
-200164
9329786
7668356
2444903
3922722
-466940
580092
7887200
3632038
3229310
2614877
-2492200
3946957
-8692145
9035596
-8247259
188866
2002718
-6655910
-7515188
1568817
-981659
-7070573
-5324520
7962152
-7022533
1983634
-165505
-6345986
3787453
-146712
-7319735
7380055
-7515900
2055262
-5669872
-6054487
2235018
6705223
-4555965
290106
-3528634
-7934090
4681203
-5888514
1989369
4124855
-9511986
-7082594
-5388850
-7182284
-1557171
-6185977
-8005152
6378801
1915480
-1607319
7946095
-5158248
1911424
-1676252
-7772216
-6990628
5839573
-9119340
6411752
-8579659
8351875
4362864
-270429
4019145
-8238736
9766409
962414
4702025
-3217689
-874677
-1414177
-3394550
1639685
577582
-1115221
9183447
-6665833
-644594
-1287361
-745990
-4919178
1615643
-5574071
-1715917
-6446379
5172713
1848540
-8586912
-5852964
-1203273
-729431
2334490
1199694
-124654
-5182793
-1323316
7177033
8526474
8372030
-7337820
-3802138
3071053
5293329
4586884
7601497
6269161
852609
5074440
-427057
-2871040
-9717260
2365817
-1972647
6212838
2276124
-9364513
360395
974852
-238817
1222200
-1242611
-4126608
-298653
-7757478
-9157967
-7369707
5129991
3309295
7789290
-7230197
1010321
5095073
3360107
7157116
2896907
781313
-9105611
-1201072
4460816
-891735
-2613920
-5675662
-7822781
-8412185
1743477
2109502
-1955962
7006911
5924842
-2722364
-8402519
-7023566
-5903823
-3019153
-9766810
-1485981
-167894
-2039722
3157982
9384898
-3493361
6245508
-1095420
-4625820
377861
-273970
8300115
-4614316
-7527370
-8636602
-5930287
525386
-9687914
-5489248
5897298
7520696
9310041
-4059362
-539990
-3673637
6882366
4734386
5222376
-3802402
-4049491
-8533517
-2626548
1165564
8475176
-1817434
-2330317
-665958
-146415
2038442
2247969
4032027
6316282
8420695
-5454009
-198970
-6426187
-1436545
-5034668
-2377546
-502439
-2139278
-7786854
1402231
-1475372
-8401977
4612745
-4649896
-3546322
1557810
2599941
-9101374
5640446
-7913948
3814637
-6943736
9058513
9293412
-635914
-1141273
-3873118
-5343282
-8524106
9816351
-6211215
486787
-2335212
-5415518
9746873
-6789693
3246659
-7910422
9039152
5136957
4444511
-723411
5968647
-8942780
327532
-5405291
2423583
5336074
-8374206
6190830
453247
-4120686
-1051248
3458816
-6904591
263512
-1209909
2801642
-1719594
-1199566
-6154260
-8338340
-8012085
1925912
-2701508
7712941
1583717
-122337
-2347222
-675962
5320684
529644
9499161
702240
2421531
-7088923
-2901713
-429580
-66144
931822
7070146
-1380544
3859058
9623902
-3832704
-5940990
7998809
-5576399
9463502
-3907138
-773909
3166821
5930469
8619331
-1655027
1652521
-8725326
9659486
-2313206
-8377142
883464
5726134
-5032848
8869361
-302302
-6001580
-3388419
-8071248
7770051
-4767013
5381550
-5812587
-3292760
-8677969
4586128
2104290
-1503364
-315244
8918793
-3618002
-6130798
-3146715
-3334487
-5426045
-8425006
-2548680
-7822159
2930212
9653853
-5257079
-3330513
-6781553
4070148
-7225128
157831
9002780
-8591558
-6887808
3836184
-7562378
565192
-4407554
-3957016
-5520808
7959181
-8599525
2149354
9561014
5652025
5561964
-573728
3603226
-2076450
5494474
5162836
-3367282
-1120471
-7056834
4762022
-1912073
6218857
6990395
-3160355
6107693
-8583399
-4458393
5829538
-7901003
7552009
1966007
3069361
-4124312
-6223782
-5859910
4440247
-3528568
5353282
3271959
-9769215
9024242
274535
9781461
-5762925
9001987
-6847314
9228437
-5402745
4172581
-6834737
9617193
-9056764
3452972
-2512116
4926827
3348122
-2131963
-5976137
4523366
2865771
7366272
-925789
-5922338
-9852901
3454899
-9097605
5769216
-4732562
-5954671
-641736
7628607
6194297
-5004221
2426040
6383614
7252302
-7104326
102866
-8725537
-4114443
-588926
8490936
-5295615
1395066
4559557
-5827848
6164206
1508241
-6557833
-9843392
4775339
-3346133
8687672
-4670446
6345191
3594554
-3257993
-7392527
-4044355
8304303
-504876
-9837248
503537
-4365234
-58015
2980486
-6449515
-1017741
1719961
1528990
-5161879
-4172449
6448021
-3864164
-344409
2467710
-1399375
-4483048
-7666469
-3736482
-6046335
-6630206
-2786025
6992942
2972220
-6621426
1330347
2523935
-1108189
-9444670
7194461
2111840
9596869
7139410
-6278052
5113105
8289774
-1846286
6616580
6367880
7040788
-7682830
2290456
273728
8262224
-5259954
-8778402
-5216362
4107404
-8334951
4627316
5886513
4219132
-2220108
4095850
9415698
3747898
4078733
8832751
-1418873
-8055706
6174220
-2363899
6272828
8098015
3109866
2576658
-3368718
-697781
-9866012
-6710310
7611518
-8730559
9111107
6264522
-9998573
-7040512
-4518005
2761703
-2145389
1533801
-8176646
-6006300
-184873
4767824
-4271411
-7786745
694455
349294
-890417
-2537120
-5179725
8053469
345277
8145675
-3084511
1503079
7965062
-526872
5911973
-1252608
5699583
-3450254
5402488
-2701986
-402021
7646646
-2777299
5029070
-2856084
-9443153
3145008
-2535734
-6374487
-4037759
-2168479
-9411550
4123987
-6247431
-4054472
-129758
-2055905
-5258034
7077398
9739249
-250623
2861207
4016256
8244714
6926190
9609241
4900255
1816967
-8503349
-3639250
-836322
-8858866
5093213
-230212
8439676
4506506
-2205095
-5067669
-7652796
1946323
-5862997
-5855232
3863702
-9341000
4792347
4640346
-8780096
-3489670
-2020094
-4441243
-9487158
-1573681
-3423342
6360367
-2919136
9427281
-6609914
-1325579
4670035
404694
-8514485
-6122409
-4797056
-4790608
-6203950
-2717538
-760855
-8976059
9055330
-9793288
-4121675
-289591
5912715
-3550860
-2336617
-3813057
-9349923
6375170
-2035618
8489979
1652473
-9640355
-9771850
9127524
5394289
6213075
8114252
-6093814
932887
4736334
-8887672
-9596804
-6305730