100 100
# Row 0
0.241620
0.202904
0.522293
0.769870
0.746322
0.688781
0.259101
0.488055
0.324067
0.101018
0.505123
0.959549
0.245962
0.058132
0.211136
0.052148
0.108118
0.903869
0.316298
0.411829
0.037238
0.511003
0.362806
0.722710
0.027578
0.844846
0.176294
0.181810
0.169778
0.263622
0.862754
0.814202
0.664731
0.333341
0.880978
0.533093
0.781396
0.213881
0.216238
0.535058
0.868132
0.072180
0.140918
0.581321
0.292507
0.155141
0.838611
0.460396
0.722718
0.031684
0.380693
0.854988
0.510809
0.529054
0.472577
0.486843
0.458106
0.246943
0.777660
0.717895
0.879052
0.453999
0.930780
0.315889
0.401414
0.140241
0.972943
0.309527
0.197348
0.016730
0.481771
0.364724
0.507724
0.087154
0.196983
0.902797
0.156347
0.847017
0.210058
0.887301
0.834313
0.242734
0.517815
0.353013
0.928756
0.808583
0.849909
0.003418
0.564009
0.223242
0.542299
0.617598
0.884047
0.234337
0.917768
0.279878
0.828582
0.099291
0.178852
0.162995
# Row 1
0.214836
0.509887
0.449587
0.485360
0.634797
0.297832
0.004811
0.443350
0.893298
0.966554
0.287072
0.149378
0.653782
0.433277
0.372363
0.535005
0.912119
0.983560
0.650795
0.595796
0.498620
0.792158
0.634057
0.441469
0.206865
0.918824
0.688309
0.192599
0.385587
0.181072
0.772224
0.545456
0.005279
0.988745
0.791851
0.662218
0.751202
0.114248
0.276215
0.177760
0.603906
0.499594
0.742914
0.430444
0.480273
0.864959
0.327181
0.297127
0.733578
0.896613
0.159923
0.157041
0.889386
0.734053
0.222175
0.830965
0.742663
0.941633
0.300423
0.787438
0.505766
0.999279
0.497706
0.313637
0.800629
0.956025
0.000661
0.692430
0.983246
0.400659
0.397423
0.077257
0.204356
0.472994
0.423113
0.721594
0.205020
0.689997
0.169422
0.399307
0.655745
0.831720
0.326474
0.286185
0.737184
0.726759
0.175772
0.692076
0.071572
0.215587
0.772804
0.908542
0.317521
0.837857
0.950135
0.030822
0.085174
0.387678
0.542987
0.027592
# Row 2
0.990780
0.675520
0.148955
0.060723
0.904405
0.909001
0.044347
0.233825
0.834685
0.605257
0.807503
0.597107
0.601480
0.938318
0.163201
0.522140
0.960182
0.735017
0.434124
0.039106
0.227655
0.807242
0.340343
0.597269
0.614933
0.057030
0.254375
0.053797
0.369372
0.440190
0.128892
0.744015
0.770819
0.815380
0.351287
0.856054
0.892349
0.346040
0.631609
0.283325
0.534237
0.135247
0.538829
0.808747
0.656242
0.346807
0.508786
0.175275
0.082216
0.153817
0.552705
0.998606
0.924879
0.428375
0.697935
0.901307
0.597900
0.378249
0.545940
0.904948
0.045716
0.099292
0.593027
0.360620
0.855690
0.762669
0.936290
0.271670
0.727023
0.425896
0.193653
0.149410
0.689363
0.044011
0.368312
0.817284
0.902471
0.475468
0.653483
0.256646
0.565713
0.205644
0.925026
0.473472
0.740140
0.243868
0.732560
0.906437
0.881817
0.548040
0.752399
0.429522
0.826631
0.270082
0.889417
0.004505
0.405719
0.737401
0.944455
0.378191
# Row 3
0.936828
0.047316
0.136717
0.405121
0.488403
0.375932
0.877658
0.007945
0.085997
0.028783
0.328043
0.004877
0.289136
0.091630
0.180246
0.967192
0.753300
0.496016
0.243657
0.490962
0.276778
0.880758
0.175553
0.238037
0.264405
0.808546
0.699523
0.424148
0.696436
0.452784
0.947895
0.100260
0.325795
0.586002
0.916538
0.220480
0.523826
0.625438
0.145446
0.640619
0.614489
0.187164
0.555909
0.510710
0.668961
0.396622
0.256568
0.068248
0.144268
0.445223
0.151768
0.302789
0.836311
0.180248
0.374409
0.933853
0.853141
0.994493
0.153584
0.350288
0.500329
0.834726
0.399134
0.718531
0.486675
0.681028
0.428634
0.138399
0.913228
0.535622
0.217982
0.157506
0.387925
0.488087
0.868711
0.939198
0.926190
0.248136
0.650412
0.094687
0.247105
0.127118
0.695469
0.459161
0.675652
0.540413
0.848918
0.625899
0.212755
0.945889
0.165245
0.704444
0.863112
0.745262
0.405667
0.781805
0.021062
0.087643
0.636880
0.823242
# Row 4
0.439867
0.025754
0.630935
0.025922
0.961099
0.898631
0.385022
0.849560
0.997389
0.729240
0.341377
0.398827
0.561164
0.426069
0.116583
0.469056
0.059537
0.524689
0.024510
0.226552
0.854994
0.474599
0.879461
0.155102
0.774536
0.209872
0.430317
0.929328
0.966548
0.096502
0.940357
0.282049
0.212727
0.747718
0.481755
0.616254
0.538160
0.579424
0.252414
0.112695
0.590266
0.045325
0.892976
0.832142
0.219261
0.965106
0.333669
0.878237
0.259534
0.224426
0.037395
0.034680
0.031489
0.883543
0.733687
0.521551
0.233726
0.648720
0.417354
0.123243
0.930911
0.019283
0.778484
0.058418
0.346117
0.771338
0.552877
0.615082
0.299182
0.840002
0.952779
0.926346
0.883768
0.944796
0.229155
0.870285
0.412875
0.312254
0.103800
0.136954
0.680910
0.696169
0.820661
0.103831
0.163840
0.205245
0.632345
0.525383
0.209049
0.611784
0.844415
0.791201
0.433328
0.240725
0.974438
0.899033
0.158795
0.898618
0.985696
0.473451
# Row 5
0.558758
0.785557
0.970943
0.427927
0.372721
0.893658
0.586598
0.898281
0.274382
0.003263
0.172615
0.190311
0.759017
0.277858
0.991139
0.895588
0.355732
0.381799
0.734573
0.389639
0.992517
0.517908
0.200189
0.379121
0.952625
0.337064
0.316841
0.392858
0.392626
0.106893
0.005330
0.390296
0.256637
0.155112
0.326556
0.404997
0.356992
0.504015
0.142808
0.155863
0.716318
0.880754
0.912654
0.291284
0.125219
0.283921
0.037061
0.718074
0.487080
0.886236
0.355264
0.785620
0.448717
0.897748
0.387893
0.814116
0.182559
0.760882
0.879744
0.082985
0.950774
0.620875
0.196168
0.331031
0.280384
0.851090
0.469263
0.603402
0.575192
0.716475
0.819967
0.842978
0.727674
0.249767
0.949980
0.536392
0.542347
0.579283
0.306487
0.449616
0.390209
0.285299
0.479367
0.627353
0.658277
0.640627
0.554525
0.377565
0.994125
0.592351
0.580883
0.551135
0.655422
0.113615
0.828188
0.581290
0.120073
0.660287
0.037159
0.133066
# Row 6
0.482901
0.236460
0.764583
0.885438
0.627221
0.349712
0.279072
0.624034
0.109687
0.532274
0.296529
0.047567
0.608063
0.243625
0.389492
0.213707
0.455855
0.745303
0.845900
0.488354
0.604900
0.856898
0.478215
0.974818
0.525025
0.536367
0.734066
0.335822
0.355013
0.666264
0.978522
0.471437
0.675427
0.724417
0.002921
0.860734
0.773874
0.642733
0.366011
0.335474
0.237496
0.846449
0.743338
0.342275
0.234441
0.469330
0.906779
0.218172
0.362672
0.074635
0.587466
0.896260
0.455417
0.909263
0.304744
0.657148
0.071091
0.077356
0.237065
0.822549
0.472504
0.853129
0.536830
0.564591
0.955100
0.239947
0.772199
0.584003
0.234072
0.418474
0.739935
0.238484
0.891049
0.771313
0.012889
0.616223
0.336278
0.101005
0.745055
0.026291
0.413561
0.614161
0.390902
0.785498
0.292567
0.383973
0.741619
0.029319
0.114498
0.749458
0.629697
0.461773
0.518624
0.400740
0.599059
0.525999
0.543095
0.439830
0.027590
0.854153
# Row 7
0.906205
0.215251
0.572788
0.113644
0.604226
0.191947
0.292537
0.468314
0.457937
0.036113
0.478273
0.920751
0.378560
0.734573
0.686499
0.288425
0.960036
0.212216
0.929519
0.625725
0.621340
0.106783
0.703180
0.560545
0.081046
0.171306
0.907256
0.432937
0.935782
0.029960
0.624979
0.860142
0.602062
0.557632
0.747335
0.603301
0.762617
0.097547
0.083353
0.463312
0.707553
0.700796
0.621233
0.614125
0.879033
0.958114
0.181317
0.909399
0.395775
0.205125
0.718314
0.531755
0.058303
0.590163
0.827663
0.042183
0.103892
0.887394
0.633408
0.720565
0.905614
0.971188
0.679525
0.747418
0.585313
0.510423
0.913478
0.583178
0.656167
0.928869
0.493255
0.066450
0.925391
0.761088
0.323578
0.629279
0.898315
0.728867
0.743129
0.358792
0.336494
0.703465
0.155015
0.804223
0.767573
0.001549
0.083239
0.710958
0.034610
0.501345
0.817575
0.673654
0.146544
0.939066
0.599984
0.844508
0.067029
0.549059
0.032833
0.756647
# Row 8
0.801353
0.304572
0.830901
0.363181
0.434248
0.275532
0.177077
0.027424
0.186898
0.686955
0.210145
0.297162
0.229191
0.793727
0.710000
0.364473
0.861277
0.607311
0.941743
0.551924
0.802889
0.256099
0.169313
0.515971
0.063968
0.537502
0.298830
0.049770
0.158217
0.246403
0.911600
0.971649
0.032883
0.626479
0.000378
0.064094
0.871878
0.789206
0.636190
0.983831
0.062143
0.946651
0.626511
0.489580
0.849720
0.590635
0.741519
0.864129
0.135455
0.370451
0.999318
0.565911
0.131601
0.937418
0.732383
0.597324
0.209210
0.766324
0.078145
0.878297
0.779408
0.275951
0.221714
0.760278
0.864939
0.063733
0.196666
0.294985
0.605453
0.869153
0.551910
0.711207
0.102524
0.878386
0.403601
0.870115
0.128374
0.086046
0.698484
0.023503
0.503560
0.811712
0.259778
0.639671
0.679776
0.817522
0.912729
0.178261
0.858527
0.242737
0.691297
0.668980
0.027253
0.231440
0.510273
0.601020
0.621941
0.415870
0.401884
0.672079
# Row 9
0.228050
0.581219
0.318887
0.230715
0.236404
0.894675
0.907080
0.016472
0.682513
0.064270
0.561545
0.942663
0.449491
0.999601
0.468742
0.951186
0.517609
0.790130
0.369747
0.312419
0.236652
0.676705
0.080396
0.451726
0.498172
0.762867
0.697250
0.403644
0.838847
0.354789
0.182317
0.162416
0.637178
0.408295
0.135837
0.490660
0.725343
0.739935
0.969752
0.534790
0.556219
0.583783
0.022432
0.885156
0.000160
0.169316
0.998552
0.410125
0.433497
0.196906
0.270832
0.326542
0.884868
0.100223
0.289535
0.974832
0.069018
0.528911
0.561484
0.716753
0.430985
0.545634
0.286228
0.229384
0.195327
0.109968
0.879228
0.332827
0.541935
0.784224
0.830190
0.854593
0.666980
0.525363
0.901599
0.034381
0.717586
0.470581
0.783974
0.633461
0.573107
0.845311
0.409207
0.398144
0.673609
0.350504
0.053808
0.392513
0.634780
0.465764
0.714954
0.157992
0.133410
0.146579
0.542442
0.763422
0.472554
0.023576
0.090252
0.806478
# Row 10
0.642175
0.820871
0.997145
0.933900
0.459407
0.706612
0.304130
0.722630
0.210525
0.344382
0.808677
0.956244
0.910477
0.717863
0.685030
0.730835
0.959596
0.307071
0.564109
0.112593
0.303318
0.872363
0.565336
0.566908
0.709804
0.187523
0.559724
0.297861
0.071097
0.306670
0.575071
0.330001
0.632365
0.868027
0.539740
0.374486
0.265985
0.062901
0.013937
0.632773
0.665625
0.028616
0.642494
0.977530
0.051146
0.872802
0.449787
0.827296
0.387506
0.382752
0.907720
0.304346
0.547121
0.812038
0.766837
0.380470
0.430891
0.327684
0.726927
0.009940
0.032025
0.620885
0.118350
0.200222
0.330541
0.474113
0.303441
0.447310
0.874849
0.394716
0.626239
0.472608
0.898117
0.692641
0.529471
0.141465
0.867316
0.036162
0.213965
0.359923
0.836164
0.768587
0.684667
0.566494
0.812110
0.330554
0.659314
0.731243
0.322402
0.492112
0.013929
0.006963
0.323911
0.757211
0.810072
0.949363
0.722440
0.027176
0.551812
0.528087
# Row 11
0.804595
0.181403
0.918318
0.621865
0.422037
0.700733
0.526684
0.853530
0.465049
0.385248
0.218003
0.139112
0.009278
0.932634
0.299873
0.255366
0.083459
0.990567
0.195671
0.768223
0.682554
0.887092
0.073346
0.397622
0.913546
0.702675
0.485629
0.049668
0.811990
0.568153
0.534049
0.443022
0.786126
0.961332
0.958557
0.251863
0.039976
0.504456
0.193848
0.631935
0.983487
0.023520
0.366526
0.679209
0.170693
0.872686
0.431076
0.973206
0.908452
0.222486
0.857540
0.700318
0.369071
0.894467
0.143027
0.648470
0.918675
0.648431
0.779197
0.465678
0.866341
0.608038
0.478300
0.224703
0.951522
0.778457
0.453764
0.417825
0.452366
0.663926
0.333706
0.794173
0.726109
0.646883
0.025867
0.862119
0.524186
0.622897
0.172542
0.716642
0.376378
0.991742
0.059241
0.062499
0.355733
0.344860
0.249336
0.725557
0.342774
0.439248
0.290398
0.554161
0.555417
0.448961
0.510759
0.778144
0.229945
0.195286
0.834772
0.623855
# Row 12
0.386294
0.497993
0.283195
0.178732
0.124024
0.901386
0.184854
0.198561
0.737790
0.514306
0.354552
0.185313
0.555444
0.282453
0.540027
0.704595
0.058457
0.669805
0.211207
0.521215
0.891848
0.964416
0.364231
0.811706
0.486007
0.509167
0.000546
0.956988
0.450573
0.372259
0.580321
0.360559
0.743846
0.863320
0.255393
0.401963
0.031282
0.932322
0.478900
0.186990
0.112642
0.689273
0.538670
0.750646
0.886730
0.897513
0.244606
0.002750
0.930907
0.432782
0.944986
0.066004
0.373268
0.990046
0.984292
0.969964
0.630382
0.151905
0.830371
0.549869
0.652572
0.713531
0.279224
0.115337
0.269986
0.562377
0.232255
0.150098
0.852228
0.624736
0.577351
0.270168
0.896373
0.369821
0.188797
0.584794
0.035173
0.075071
0.191944
0.793540
0.829637
0.739161
0.570051
0.025812
0.176636
0.932786
0.279281
0.938553
0.149449
0.518221
0.092971
0.676922
0.102089
0.579156
0.930812
0.355316
0.239964
0.880335
0.908122
0.006433
# Row 13
0.000881
0.035346
0.434136
0.889394
0.241024
0.379884
0.518000
0.449730
0.697578
0.421426
0.832355
0.530733
0.648764
0.025049
0.815216
0.984113
0.336682
0.074939
0.142772
0.095611
0.110431
0.863661
0.713335
0.096456
0.516286
0.563689
0.983660
0.982953
0.666257
0.750865
0.184014
0.313660
0.192351
0.515858
0.901686
0.136390
0.305490
0.421457
0.511128
0.646495
0.867664
0.660323
0.392866
0.164724
0.724179
0.725049
0.225914
0.009379
0.678189
0.720985
0.466288
0.426018
0.599079
0.898874
0.496708
0.921783
0.994397
0.841181
0.612597
0.764287
0.525037
0.050851
0.712706
0.571363
0.066276
0.027698
0.208134
0.502844
0.002501
0.604661
0.623207
0.624604
0.058141
0.698660
0.710867
0.244610
0.507276
0.318917
0.672162
0.007653
0.542959
0.795515
0.485636
0.007258
0.726418
0.634130
0.102377
0.248199
0.155823
0.076590
0.733993
0.229845
0.502175
0.524002
0.994581
0.868661
0.642302
0.148143
0.797805
0.227608
# Row 14
0.890134
0.731704
0.653613
0.751608
0.979817
0.508596
0.056039
0.742928
0.008224
0.257132
0.657308
0.360270
0.598795
0.382568
0.740536
0.342952
0.030022
0.227734
0.443235
0.190127
0.985252
0.403593
0.259331
0.548211
0.758777
0.833373
0.524270
0.852013
0.107586
0.267865
0.034979
0.741554
0.707851
0.834758
0.296033
0.742811
0.177740
0.326069
0.440567
0.103051
0.508766
0.265368
0.927557
0.346742
0.230530
0.706370
0.147527
0.044035
0.769822
0.338353
0.011134
0.828409
0.884817
0.968808
0.087059
0.872247
0.216243
0.242790
0.488070
0.728182
0.436334
0.479873
0.270939
0.710080
0.057073
0.467733
0.864200
0.251147
0.124361
0.665720
0.917633
0.009237
0.044548
0.527876
0.882283
0.852796
0.013074
0.053491
0.686154
0.357602
0.618443
0.481250
0.628008
0.567763
0.433280
0.542418
0.332723
0.657970
0.860867
0.427189
0.512140
0.802346
0.341372
0.659871
0.774297
0.173286
0.726282
0.251964
0.693417
0.117206
# Row 15
0.269744
0.652220
0.368187
0.379337
0.156981
0.249773
0.285116
0.863569
0.766505
0.136394
0.198439
0.043398
0.246072
0.888420
0.122788
0.404389
0.352249
0.695205
0.297378
0.456091
0.567964
0.911850
0.961485
0.051373
0.057743
0.238012
0.024609
0.283788
0.160660
0.175805
0.717853
0.779425
0.548792
0.168008
0.276002
0.080152
0.414635
0.098226
0.775813
0.241957
0.693177
0.398401
0.801628
0.097970
0.299863
0.372633
0.434093
0.603732
0.179428
0.041986
0.674290
0.676198
0.945526
0.640544
0.289718
0.232253
0.458339
0.162066
0.869259
0.142204
0.576250
0.148120
0.723631
0.344428
0.845514
0.317430
0.991016
0.865459
0.204161
0.022561
0.682916
0.292123
0.096873
0.760062
0.414227
0.826478
0.277863
0.695389
0.638699
0.288408
0.148894
0.051463
0.493906
0.823610
0.697415
0.172587
0.939601
0.025678
0.001563
0.551991
0.043637
0.230290
0.218660
0.305691
0.777684
0.817528
0.914322
0.707293
0.980941
0.036680
# Row 16
0.290748
0.953260
0.637177
0.608163
0.183978
0.306925
0.895310
0.762156
0.797480
0.938767
0.405800
0.436279
0.778408
0.922470
0.307118
0.708876
0.006082
0.008795
0.294372
0.714786
0.011025
0.545912
0.554588
0.941727
0.266285
0.574528
0.332409
0.993381
0.258351
0.043810
0.571168
0.326220
0.648109
0.879879
0.485781
0.707919
0.446692
0.418724
0.297116
0.933436
0.758477
0.381197
0.377036
0.788684
0.663760
0.026631
0.106797
0.129935
0.434818
0.546353
0.179848
0.899059
0.787262
0.837503
0.427151
0.710575
0.878071
0.985083
0.506085
0.506796
0.464825
0.545969
0.672944
0.503447
0.057999
0.807859
0.007339
0.951964
0.128270
0.839958
0.730922
0.978718
0.900493
0.377123
0.972315
0.168834
0.980139
0.417426
0.487619
0.526936
0.849540
0.162581
0.417315
0.743377
0.051500
0.404777
0.314570
0.237376
0.885804
0.241372
0.039085
0.543708
0.497438
0.675297
0.999834
0.203340
0.979263
0.094257
0.927664
0.247726
# Row 17
0.270290
0.191892
0.346203
0.608812
0.255106
0.740578
0.121410
0.710354
0.190540
0.905658
0.544162
0.109702
0.860106
0.927613
0.927194
0.262226
0.221436
0.930285
0.471596
0.312913
0.630937
0.044007
0.425861
0.712297
0.445779
0.682032
0.272462
0.477789
0.186418
0.662369
0.736336
0.038778
0.841962
0.425952
0.923066
0.917019
0.992417
0.132672
0.421335
0.495986
0.461197
0.201331
0.007290
0.957866
0.281158
0.445981
0.883490
0.139069
0.019060
0.412718
0.591060
0.739630
0.445938
0.667126
0.722719
0.574271
0.231785
0.467701
0.911538
0.569551
0.677764
0.595272
0.804032
0.079289
0.451456
0.718532
0.577971
0.036881
0.162171
0.952972
0.219508
0.106452
0.284054
0.621934
0.118821
0.593649
0.112500
0.327105
0.419025
0.580863
0.910503
0.469915
0.003738
0.850704
0.280178
0.289239
0.531365
0.336302
0.773216
0.264112
0.719159
0.408862
0.353026
0.608264
0.300658
0.493614
0.139272
0.307206
0.082732
0.647579
# Row 18
0.829406
0.234802
0.122695
0.579462
0.806257
0.867126
0.744468
0.527305
0.539008
0.784687
0.381449
0.707743
0.877921
0.833277
0.741488
0.126774
0.970346
0.577971
0.658238
0.201621
0.104178
0.628738
0.048400
0.332706
0.960528
0.900214
0.414244
0.621061
0.753635
0.768348
0.296794
0.826995
0.104638
0.044441
0.431726
0.278890
0.366693
0.359833
0.225067
0.275218
0.450072
0.865011
0.640033
0.977853
0.023403
0.533593
0.963675
0.410331
0.655401
0.028719
0.949626
0.881765
0.952662
0.256520
0.961174
0.526739
0.813900
0.883814
0.370631
0.145798
0.407924
0.236155
0.212804
0.752425
0.568573
0.884230
0.002007
0.174099
0.739540
0.653748
0.466089
0.350651
0.978558
0.804158
0.443242
0.147341
0.504918
0.278263
0.246872
0.217755
0.836042
0.557210
0.802560
0.768482
0.275122
0.108071
0.874390
0.689874
0.778314
0.294746
0.753937
0.011927
0.520129
0.063077
0.115446
0.748947
0.591348
0.599585
0.029800
0.029428
# Row 19
0.584868
0.407243
0.765422
0.727160
0.559320
0.014114
0.327093
0.265504
0.304289
0.519936
0.237845
0.649016
0.578728
0.845965
0.851488
0.265796
0.248085
0.354284
0.194375
0.421513
0.026251
0.179745
0.627801
0.623705
0.934343
0.421658
0.353571
0.185448
0.046311
0.289917
0.264292
0.003827
0.606257
0.423676
0.879448
0.274657
0.007230
0.197793
0.074293
0.205096
0.327197
0.716548
0.169820
0.395028
0.364210
0.944677
0.330734
0.782222
0.216787
0.637350
0.439590
0.831446
0.062800
0.263573
0.957411
0.830930
0.624285
0.347774
0.225605
0.718312
0.918326
0.723455
0.145441
0.160656
0.915453
0.258115
0.827391
0.668133
0.114740
0.092965
0.224151
0.227781
0.335223
0.282766
0.742029
0.342663
0.080612
0.624485
0.612736
0.883141
0.100843
0.148184
0.351619
0.872397
0.520489
0.194903
0.832314
0.199479
0.478849
0.725288
0.478232
0.382750
0.306611
0.755981
0.367607
0.387639
0.104055
0.890464
0.933953
0.269036
# Row 20
0.268980
0.345088
0.633287
0.084757
0.209911
0.732848
0.862541
0.277412
0.661027
0.986159
0.422069
0.103333
0.756951
0.020251
0.494445
0.895234
0.223646
0.171101
0.990006
0.067000
0.669694
0.712102
0.918367
0.031804
0.322110
0.253466
0.368965
0.226968
0.522231
0.964995
0.610226
0.479305
0.588388
0.009049
0.587104
0.152524
0.048873
0.514896
0.754366
0.183717
0.865657
0.822193
0.225237
0.919658
0.798623
0.539800
0.842006
0.926828
0.022293
0.441922
0.140301
0.883766
0.100855
0.107621
0.638404
0.622994
0.379387
0.018613
0.246688
0.115572
0.264465
0.096287
0.372887
0.068063
0.078864
0.179806
0.962053
0.103815
0.593916
0.036522
0.924852
0.642941
0.708480
0.232802
0.296268
0.383905
0.372950
0.672511
0.854027
0.170575
0.895568
0.192105
0.590489
0.338678
0.440389
0.161621
0.354749
0.852628
0.383067
0.221311
0.597929
0.535537
0.362338
0.741568
0.601679
0.970958
0.309461
0.251944
0.938680
0.613682
# Row 21
0.491207
0.381921
0.498354
0.829012
0.028443
0.995824
0.958065
0.915789
0.394393
0.406541
0.540143
0.229567
0.824683
0.302884
0.671263
0.770434
0.234058
0.324525
0.359631
0.637762
0.308791
0.832988
0.786571
0.574683
0.684340
0.139472
0.535163
0.062173
0.107607
0.308134
0.765445
0.600733
0.883465
0.220350
0.412187
0.601711
0.705194
0.190532
0.499560
0.756106
0.735617
0.411976
0.012291
0.552429
0.935410
0.492392
0.463438
0.363843
0.601034
0.439080
0.586199
0.945828
0.678716
0.564876
0.135762
0.397297
0.042710
0.815191
0.004762
0.399082
0.773858
0.136492
0.073330
0.503536
0.834188
0.406009
0.975863
0.197624
0.019340
0.575346
0.268637
0.580044
0.875342
0.516693
0.025397
0.601802
0.410094
0.334986
0.325447
0.631305
0.011640
0.873449
0.286893
0.471901
0.431536
0.810180
0.546234
0.125023
0.007309
0.152043
0.407080
0.439567
0.316179
0.376855
0.241225
0.092167
0.083906
0.769333
0.293604
0.018740
# Row 22
0.657242
0.219463
0.440836
0.770654
0.503234
0.498629
0.006331
0.245487
0.669209
0.659464
0.721620
0.679440
0.647124
0.095700
0.825104
0.663641
0.687044
0.090155
0.040399
0.627912
0.926527
0.529440
0.414505
0.731986
0.203758
0.295955
0.312099
0.314925
0.638472
0.599688
0.050140
0.018721
0.860332
0.888375
0.963847
0.852471
0.581828
0.694451
0.071155
0.870246
0.322437
0.826202
0.851237
0.760879
0.841459
0.189711
0.080110
0.593875
0.905215
0.504081
0.732227
0.725617
0.655217
0.527261
0.924087
0.577809
0.140357
0.691506
0.959946
0.680196
0.689375
0.319473
0.159790
0.186811
0.218973
0.683315
0.177776
0.585298
0.365473
0.924638
0.530640
0.718262
0.389273
0.383183
0.578377
0.611205
0.105179
0.812470
0.965296
0.180849
0.939831
0.683161
0.722911
0.298759
0.489661
0.696641
0.744712
0.166894
0.357184
0.425188
0.007519
0.673476
0.366098
0.849633
0.778817
0.629416
0.610837
0.434588
0.611197
0.218137
# Row 23
0.876323
0.234963
0.384079
0.946244
0.289178
0.600947
0.162531
0.071059
0.231244
0.092790
0.559653
0.256121
0.486624
0.748307
0.422303
0.810437
0.809571
0.397155
0.522535
0.685434
0.925304
0.084546
0.994837
0.709550
0.820492
0.166569
0.181074
0.749328
0.783829
0.348827
0.452987
0.403290
0.337343
0.954390
0.301367
0.907202
0.101244
0.386434
0.290010
0.493393
0.982938
0.971429
0.352560
0.980128
0.425967
0.771845
0.796141
0.737902
0.927116
0.200416
0.404720
0.896547
0.587577
0.273793
0.298485
0.119827
0.143190
0.550461
0.996921
0.022617
0.083528
0.410140
0.199932
0.270601
0.062358
0.569366
0.593370
0.154870
0.593405
0.075743
0.906126
0.435883
0.863794
0.482611
0.101850
0.105394
0.560080
0.243118
0.039052
0.414383
0.642986
0.360071
0.941438
0.693540
0.610132
0.033517
0.301682
0.674833
0.612055
0.024998
0.315432
0.873169
0.825168
0.035172
0.980132
0.161867
0.303132
0.914532
0.670575
0.670785
# Row 24
0.521171
0.605791
0.348158
0.138502
0.469557
0.476961
0.805146
0.587403
0.244776
0.038003
0.173336
0.781069
0.009481
0.848216
0.726159
0.125806
0.153365
0.889294
0.115141
0.141855
0.772647
0.488513
0.149878
0.144883
0.810149
0.482073
0.052170
0.525394
0.553470
0.179827
0.490018
0.814029
0.695897
0.564882
0.279100
0.286244
0.922171
0.285839
0.284495
0.043125
0.415740
0.392328
0.073535
0.549254
0.800633
0.458204
0.274227
0.397399
0.662477
0.029210
0.348705
0.377751
0.850738
0.036515
0.766494
0.671532
0.487079
0.513368
0.980068
0.470722
0.810360
0.234010
0.490498
0.493621
0.322582
0.622179
0.922185
0.557005
0.885803
0.827083
0.884269
0.557197
0.509332
0.379198
0.416779
0.272628
0.189366
0.473867
0.639705
0.338252
0.777535
0.110291
0.433763
0.456903
0.996840
0.975648
0.376524
0.444268
0.257342
0.812736
0.984034
0.483493
0.292143
0.764581
0.516066
0.063563
0.107198
0.836089
0.096196
0.454621
# Row 25
0.664894
0.652162
0.782356
0.335767
0.777926
0.390224
0.058915
0.829730
0.131677
0.405140
0.270514
0.848055
0.263068
0.193830
0.996453
0.334339
0.862784
0.029032
0.691553
0.876792
0.425208
0.655696
0.966973
0.800486
0.113714
0.734109
0.227800
0.440554
0.633552
0.341541
0.551558
0.927068
0.884248
0.434729
0.414626
0.707984
0.499781
0.120667
0.336421
0.816562
0.957855
0.290100
0.601842
0.812789
0.457199
0.309631
0.781640
0.544005
0.010309
0.233032
0.842112
0.668179
0.292463
0.334196
0.716792
0.944799
0.418757
0.652970
0.503863
0.944346
0.509682
0.916188
0.107205
0.269805
0.251139
0.400585
0.512682
0.975151
0.583440
0.558476
0.794092
0.349345
0.670730
0.063396
0.887845
0.993921
0.740297
0.149154
0.627679
0.432189
0.651702
0.025413
0.159573
0.763351
0.897577
0.835112
0.784482
0.921199
0.469003
0.168488
0.327833
0.360767
0.783775
0.925498
0.088235
0.814286
0.899466
0.199046
0.254895
0.607538
# Row 26
0.066663
0.477241
0.838517
0.777450
0.450949
0.491100
0.771617
0.390245
0.523171
0.387568
0.991957
0.426114
0.222455
0.024922
0.321320
0.911224
0.899402
0.272650
0.537980
0.571613
0.190533
0.470483
0.665326
0.727392
0.129629
0.146765
0.564346
0.901622
0.815927
0.715718
0.030711
0.288836
0.009889
0.933050
0.817332
0.806466
0.869292
0.171955
0.093458
0.572390
0.254789
0.134706
0.527222
0.837673
0.285961
0.002260
0.359198
0.320488
0.105400
0.574659
0.891818
0.590791
0.677098
0.013224
0.828892
0.341877
0.301633
0.972016
0.889045
0.641401
0.848228
0.326679
0.318249
0.308288
0.284231
0.265253
0.024256
0.531440
0.306009
0.105036
0.437401
0.489974
0.949531
0.014931
0.208681
0.702330
0.270238
0.542464
0.031256
0.913066
0.144405
0.922843
0.212543
0.702112
0.150478
0.053793
0.831196
0.492949
0.359291
0.489832
0.039652
0.955665
0.795326
0.094064
0.175177
0.800458
0.754001
0.101128
0.129905
0.880265
# Row 27
0.077198
0.323810
0.916043
0.251427
0.733973
0.375908
0.511895
0.153172
0.536685
0.898703
0.056756
0.675212
0.783910
0.446886
0.899928
0.493557
0.877876
0.506849
0.226477
0.414044
0.161266
0.946069
0.258070
0.408037
0.079698
0.403060
0.842863
0.332668
0.353770
0.864458
0.538394
0.967226
0.768205
0.096608
0.693642
0.376457
0.913199
0.126282
0.141440
0.830122
0.280871
0.537471
0.714472
0.606274
0.391894
0.672480
0.143961
0.413827
0.546329
0.615801
0.940294
0.959611
0.628965
0.083491
0.492351
0.318016
0.501644
0.540307
0.963819
0.340085
0.559949
0.288016
0.169713
0.856703
0.274063
0.193500
0.747499
0.021178
0.056651
0.702257
0.810362
0.824302
0.765351
0.875190
0.304269
0.765113
0.043174
0.223259
0.357613
0.428631
0.594170
0.940388
0.587547
0.504066
0.279645
0.860303
0.139030
0.660418
0.575625
0.713700
0.912418
0.908468
0.756918
0.429945
0.167889
0.237027
0.046958
0.719579
0.367627
0.675901
# Row 28
0.603504
0.663089
0.570406
0.657558
0.384517
0.706222
0.971965
0.914173
0.770288
0.276640
0.785388
0.837118
0.999500
0.160666
0.778784
0.563408
0.529062
0.047598
0.586251
0.249977
0.948623
0.013605
0.738891
0.404568
0.997668
0.694061
0.034926
0.504499
0.050727
0.014649
0.894692
0.835567
0.487572
0.415479
0.193026
0.797140
0.061481
0.822277
0.397464
0.261213
0.458915
0.273574
0.787660
0.748470
0.025711
0.197399
0.914782
0.639484
0.263639
0.205701
0.057665
0.711102
0.400542
0.815474
0.226612
0.454187
0.658989
0.354047
0.690531
0.757559
0.922388
0.119320
0.196241
0.142848
0.281753
0.566879
0.101180
0.205533
0.476983
0.323244
0.846188
0.798695
0.887821
0.382192
0.300782
0.718652
0.424026
0.148856
0.969424
0.786916
0.182177
0.539428
0.257118
0.732791
0.926636
0.123875
0.562662
0.767892
0.491179
0.081564
0.957613
0.201113
0.840700
0.307508
0.381211
0.503899
0.361996
0.407698
0.351907
0.425453
# Row 29
0.630338
0.119412
0.083774
0.740821
0.413335
0.215373
0.972980
0.047320
0.593075
0.544014
0.760836
0.402683
0.407087
0.132246
0.314116
0.108702
0.401962
0.357915
0.121669
0.314384
0.562291
0.978262
0.973575
0.461016
0.601757
0.185345
0.252718
0.676769
0.590806
0.022413
0.169675
0.699991
0.232413
0.125107
0.654060
0.558236
0.798364
0.302206
0.476034
0.234879
0.195508
0.412175
0.210828
0.738356
0.865161
0.059339
0.530066
0.062374
0.327881
0.078084
0.862935
0.341526
0.596906
0.611697
0.027376
0.308716
0.401608
0.856490
0.999128
0.832462
0.020272
0.529597
0.530528
0.627920
0.430625
0.643730
0.020352
0.110379
0.685931
0.813360
0.492733
0.099702
0.731628
0.668975
0.092598
0.634994
0.937869
0.879586
0.425311
0.357615
0.160569
0.154497
0.840843
0.745027
0.209444
0.555161
0.322379
0.296045
0.825915
0.653851
0.623406
0.588667
0.114640
0.950842
0.296997
0.854154
0.365988
0.444207
0.069970
0.375499
# Row 30
0.217247
0.040368
0.880110
0.055507
0.570063
0.318812
0.766726
0.980693
0.881190
0.006435
0.586933
0.694036
0.721577
0.876539
0.328545
0.284777
0.531998
0.931411
0.164982
0.800173
0.546638
0.937712
0.610754
0.016128
0.992401
0.208589
0.403800
0.295364
0.062174
0.028839
0.482075
0.278318
0.294317
0.128809
0.508467
0.048883
0.935468
0.973673
0.405449
0.390794
0.514974
0.457696
0.817346
0.887750
0.190415
0.503929
0.054929
0.148849
0.736705
0.460307
0.079029
0.978720
0.225749
0.460260
0.334522
0.117683
0.187924
0.752874
0.594326
0.400750
0.146618
0.592561
0.458785
0.115355
0.987074
0.565397
0.276174
0.656981
0.353260
0.188373
0.205215
0.610742
0.681834
0.484229
0.083667
0.337215
0.179162
0.759174
0.054872
0.365142
0.952648
0.510357
0.345997
0.135016
0.125983
0.796532
0.700401
0.279953
0.432612
0.316970
0.207897
0.947973
0.903647
0.173609
0.319555
0.077907
0.585045
0.918983
0.800250
0.845354
# Row 31
0.051377
0.112192
0.087520
0.141609
0.975571
0.577545
0.767868
0.274251
0.389119
0.761442
0.632769
0.560697
0.077286
0.654165
0.470976
0.993524
0.928620
0.341753
0.528907
0.197692
0.955589
0.301940
0.517805
0.874238
0.159640
0.495590
0.458861
0.372685
0.793549
0.335455
0.282728
0.885959
0.819077
0.956925
0.388023
0.588266
0.239130
0.356310
0.717709
0.300196
0.349482
0.901838
0.939348
0.568656
0.982417
0.227793
0.074416
0.385419
0.258289
0.375091
0.176132
0.770784
0.803927
0.290093
0.120146
0.642533
0.500227
0.000962
0.167143
0.440107
0.574425
0.286548
0.052800
0.935309
0.822761
0.781340
0.033948
0.230216
0.332084
0.831758
0.598457
0.707228
0.738056
0.160080
0.661761
0.382884
0.614673
0.394018
0.709669
0.844320
0.414817
0.689813
0.892789
0.473909
0.682394
0.187354
0.873417
0.643033
0.319509
0.575914
0.815048
0.770241
0.131293
0.072563
0.284741
0.772788
0.878834
0.092032
0.709763
0.315081
# Row 32
0.667653
0.552007
0.045376
0.084842
0.783992
0.362590
0.326963
0.960246
0.490548
0.209506
0.106300
0.612180
0.812098
0.289849
0.421527
0.698854
0.812738
0.494528
0.888909
0.129647
0.201317
0.466660
0.900939
0.816419
0.539345
0.578985
0.391619
0.199117
0.683595
0.760695
0.511139
0.574743
0.019254
0.125282
0.117011
0.711479
0.252558
0.881985
0.718365
0.370539
0.085950
0.195883
0.339188
0.555332
0.623999
0.652763
0.332538
0.569488
0.312503
0.207481
0.071871
0.191735
0.132498
0.887135
0.461699
0.506490
0.519667
0.787015
0.594783
0.594980
0.500150
0.757794
0.587194
0.464152
0.096581
0.622049
0.549242
0.231318
0.511948
0.277979
0.905775
0.794083
0.620293
0.914719
0.423405
0.490693
0.137294
0.059126
0.597437
0.729387
0.593371
0.846224
0.713462
0.260969
0.048233
0.818097
0.346802
0.851741
0.858093
0.538004
0.169129
0.139802
0.802372
0.202642
0.271018
0.622771
0.391215
0.356048
0.310127
0.116219
# Row 33
0.182107
0.379689
0.388613
0.866963
0.735114
0.046418
0.834875
0.422119
0.311636
0.488303
0.901425
0.602123
0.279047
0.112899
0.633481
0.653357
0.209390
0.497634
0.855678
0.153469
0.968589
0.051792
0.864157
0.190689
0.375879
0.229889
0.198476
0.058701
0.791771
0.544234
0.955522
0.412822
0.865605
0.309344
0.852417
0.873934
0.567228
0.473009
0.456817
0.186925
0.046550
0.580638
0.193739
0.624199
0.142660
0.678678
0.373880
0.646424
0.911900
0.103083
0.238352
0.307213
0.101172
0.698960
0.000799
0.321519
0.376047
0.172411
0.915294
0.555437
0.468565
0.345634
0.285484
0.274806
0.460528
0.947405
0.038617
0.288975
0.716402
0.864847
0.451968
0.012551
0.655463
0.166053
0.976376
0.950651
0.563705
0.599563
0.943055
0.591546
0.028175
0.124351
0.559366
0.704637
0.694356
0.526977
0.744033
0.522189
0.843060
0.560609
0.472429
0.801304
0.527826
0.779090
0.801455
0.780305
0.555410
0.339091
0.227605
0.163510
# Row 34
0.607576
0.271220
0.560584
0.483394
0.046770
0.859043
0.831101
0.133300
0.004514
0.861094
0.610922
0.561440
0.880547
0.928639
0.424983
0.233073
0.372129
0.040266
0.051282
0.058028
0.173981
0.438115
0.509714
0.741532
0.935430
0.019933
0.464226
0.534470
0.406189
0.542310
0.835074
0.862268
0.747604
0.214863
0.324232
0.417788
0.111918
0.220089
0.684736
0.271656
0.006262
0.551968
0.254773
0.032814
0.946746
0.016581
0.073672
0.872723
0.085465
0.734166
0.796582
0.489349
0.051863
0.493901
0.327791
0.652996
0.210168
0.575540
0.252686
0.557203
0.995199
0.416994
0.621646
0.646821
0.376529
0.790376
0.735350
0.155145
0.820537
0.983470
0.312733
0.136493
0.204493
0.166552
0.755910
0.104171
0.897403
0.469780
0.329870
0.391509
0.898365
0.882807
0.570547
0.351175
0.331887
0.510794
0.448321
0.441607
0.386543
0.839815
0.023346
0.956035
0.672193
0.855842
0.015776
0.606758
0.013390
0.266550
0.812597
0.753254
# Row 35
0.522590
0.851483
0.581022
0.766064
0.864191
0.536317
0.947069
0.748766
0.465591
0.089759
0.921037
0.637585
0.918431
0.080886
0.656103
0.993109
0.384532
0.630403
0.162475
0.662368
0.747105
0.526565
0.170651
0.884162
0.877391
0.956473
0.049943
0.438528
0.396562
0.692599
0.601984
0.595728
0.957559
0.355068
0.926148
0.034981
0.434373
0.890167
0.610614
0.602725
0.648391
0.728309
0.657975
0.929506
0.871966
0.039354
0.680011
0.079366
0.395775
0.934447
0.567713
0.762073
0.824308
0.481790
0.588066
0.283647
0.446572
0.634980
0.410117
0.571936
0.318625
0.008294
0.103784
0.909617
0.470665
0.280842
0.573683
0.695751
0.622216
0.543681
0.027520
0.788320
0.740493
0.309251
0.978445
0.044051
0.823612
0.135006
0.440165
0.248959
0.124329
0.842489
0.592830
0.044675
0.171904
0.374872
0.429955
0.913763
0.998183
0.180892
0.098509
0.144292
0.855762
0.158016
0.625219
0.693171
0.936111
0.164538
0.994920
0.392964
# Row 36
0.486717
0.717256
0.577135
0.272391
0.699825
0.041602
0.354054
0.301702
0.540514
0.213978
0.408674
0.436042
0.615899
0.826079
0.511300
0.859301
0.405870
0.768674
0.174224
0.164505
0.902489
0.253542
0.209602
0.322221
0.491694
0.708696
0.058941
0.553762
0.887369
0.350848
0.101856
0.150141
0.051882
0.983164
0.887722
0.259940
0.345220
0.324144
0.060429
0.249781
0.001022
0.149151
0.410730
0.350412
0.374483
0.939301
0.442891
0.510930
0.014860
0.068550
0.485761
0.155251
0.332748
0.819844
0.319468
0.471126
0.636140
0.471680
0.587280
0.955960
0.354484
0.119677
0.680442
0.829239
0.939447
0.841504
0.037786
0.122864
0.886104
0.841403
0.810669
0.443240
0.547914
0.651463
0.979248
0.618160
0.490699
0.665732
0.343563
0.393723
0.440192
0.850252
0.380651
0.618581
0.898425
0.533469
0.988354
0.672309
0.037817
0.628487
0.312280
0.379769
0.908418
0.378795
0.562127
0.062808
0.521131
0.925071
0.308176
0.363859
# Row 37
0.284225
0.351032
0.752081
0.823111
0.186160
0.835121
0.885294
0.082485
0.227135
0.581794
0.983648
0.847012
0.925367
0.066745
0.191170
0.069258
0.360427
0.055438
0.876567
0.087747
0.591958
0.860481
0.311517
0.889013
0.412426
0.422911
0.033680
0.158808
0.090416
0.333123
0.984976
0.115472
0.947408
0.662605
0.326193
0.192613
0.525210
0.036726
0.344293
0.764663
0.560750
0.336530
0.414311
0.233939
0.635117
0.633940
0.831561
0.758352
0.928379
0.816112
0.973621
0.672527
0.042375
0.982445
0.619700
0.609888
0.980457
0.259130
0.985286
0.478080
0.553868
0.594064
0.713171
0.674309
0.255341
0.307808
0.492055
0.290909
0.865822
0.388299
0.398015
0.985171
0.182281
0.447771
0.422293
0.742763
0.543987
0.895315
0.864600
0.912534
0.639926
0.718593
0.440682
0.734930
0.078044
0.580061
0.636042
0.619660
0.642592
0.998841
0.296936
0.784474
0.141974
0.757020
0.901095
0.570405
0.417393
0.402046
0.812816
0.964525
# Row 38
0.931408
0.644220
0.972348
0.144965
0.452705
0.414717
0.472936
0.410812
0.594444
0.465456
0.868927
0.758521
0.322064
0.283528
0.566284
0.844183
0.324225
0.151302
0.457429
0.745522
0.217510
0.815991
0.963085
0.067636
0.639530
0.112334
0.675665
0.671743
0.162470
0.197450
0.905582
0.936424
0.743926
0.762066
0.110846
0.666920
0.816716
0.646924
0.641485
0.871095
0.624523
0.952497
0.607175
0.832671
0.634511
0.735324
0.335328
0.585856
0.728115
0.251725
0.637356
0.773614
0.891986
0.971779
0.455603
0.338445
0.635540
0.040960
0.888391
0.823938
0.760887
0.827293
0.754557
0.672735
0.144294
0.737359
0.884065
0.597420
0.173241
0.709693
0.032677
0.321573
0.564997
0.059474
0.494868
0.075749
0.695099
0.529764
0.111367
0.664920
0.839026
0.143668
0.870652
0.568193
0.007423
0.405746
0.824998
0.897113
0.292662
0.492762
0.672170
0.525065
0.878288
0.741813
0.387470
0.847139
0.457334
0.192220
0.474672
0.368110
# Row 39
0.702985
0.385872
0.188606
0.217084
0.406086
0.564573
0.870106
0.212831
0.787205
0.823031
0.932165
0.856464
0.483100
0.449360
0.103986
0.600955
0.553408
0.393284
0.039925
0.573935
0.136174
0.593728
0.048859
0.135659
0.761584
0.335438
0.415270
0.902912
0.801257
0.217927
0.938343
0.217802
0.653005
0.054057
0.984873
0.183922
0.433692
0.680297
0.564031
0.918379
0.649207
0.382145
0.918542
0.304063
0.332553
0.307934
0.572147
0.390527
0.868310
0.769534
0.064976
0.442703
0.362481
0.882080
0.087634
0.123854
0.256933
0.265419
0.935118
0.212622
0.541667
0.971383
0.140437
0.774532
0.578323
0.883203
0.515016
0.657078
0.235167
0.291531
0.272071
0.266468
0.845979
0.436790
0.296503
0.665806
0.869453
0.536345
0.260116
0.352099
0.046899
0.219706
0.176750
0.506766
0.167145
0.673297
0.114121
0.845696
0.159740
0.961876
0.296649
0.335486
0.390107
0.525490
0.368456
0.297782
0.540558
0.343642
0.463221
0.740130
# Row 40
0.974613
0.572517
0.225972
0.966163
0.722409
0.972568
0.532639
0.607976
0.244023
0.294196
0.290913
0.557228
0.555001
0.135800
0.018206
0.857757
0.592451
0.054041
0.470323
0.360594
0.396702
0.829240
0.231522
0.872378
0.647129
0.473422
0.120281
0.080855
0.763603
0.534507
0.465315
0.787796
0.437709
0.482732
0.666601
0.882062
0.438953
0.965639
0.082818
0.146393
0.527481
0.752468
0.739222
0.903781
0.551185
0.539724
0.891293
0.806968
0.394502
0.004990
0.325309
0.781944
0.539869
0.639106
0.846242
0.418499
0.089897
0.786815
0.568192
0.513403
0.246321
0.827558
0.958037
0.211139
0.346078
0.641677
0.617542
0.339988
0.589220
0.058786
0.254152
0.335408
0.859410
0.266162
0.370807
0.196053
0.415480
0.572838
0.787869
0.489385
0.429850
0.152579
0.036705
0.662898
0.152749
0.614494
0.978279
0.113700
0.004325
0.427856
0.198670
0.304115
0.832280
0.327422
0.016598
0.005430
0.441174
0.082570
0.459462
0.717841
# Row 41
0.899586
0.178871
0.680251
0.804552
0.989659
0.550838
0.807700
0.635026
0.985124
0.051883
0.658893
0.440381
0.061647
0.649643
0.562947
0.917291
0.468437
0.705512
0.415452
0.290459
0.861742
0.215281
0.127981
0.363559
0.236519
0.648230
0.680511
0.500665
0.837710
0.384942
0.805267
0.821603
0.510842
0.595703
0.909748
0.642849
0.714771
0.363070
0.619176
0.218792
0.997340
0.591330
0.421900
0.645060
0.085342
0.684973
0.426331
0.775733
0.899777
0.556430
0.478603
0.719520
0.140086
0.444277
0.593533
0.847182
0.529337
0.506669
0.267713
0.834745
0.146614
0.686143
0.176035
0.546506
0.341874
0.922318
0.608120
0.130775
0.708953
0.184799
0.838505
0.553130
0.239151
0.792132
0.206766
0.560261
0.673900
0.121771
0.726834
0.276843
0.881558
0.664155
0.467550
0.953186
0.789640
0.760294
0.121030
0.858466
0.577129
0.631435
0.176964
0.649300
0.867511
0.071754
0.977732
0.323345
0.035366
0.556655
0.872775
0.819881
# Row 42
0.249562
0.411599
0.405489
0.572240
0.904220
0.996881
0.339740
0.609218
0.842549
0.765015
0.706721
0.793651
0.544735
0.228118
0.470323
0.266263
0.843283
0.786759
0.867389
0.312240
0.940232
0.489092
0.678522
0.508184
0.550745
0.844907
0.278705
0.849961
0.985546
0.064645
0.161429
0.460069
0.337139
0.544845
0.034779
0.669634
0.656723
0.111369
0.565770
0.648874
0.933073
0.757730
0.365931
0.095152
0.722690
0.191562
0.035679
0.694670
0.671291
0.006701
0.639456
0.458147
0.727823
0.326342
0.193110
0.538612
0.228926
0.174504
0.887964
0.607867
0.947957
0.004706
0.333767
0.274526
0.709960
0.887788
0.009971
0.739179
0.902254
0.992562
0.009100
0.909857
0.617618
0.606167
0.628244
0.443013
0.789513
0.974239
0.208899
0.671696
0.380651
0.398275
0.088485
0.564267
0.909837
0.028696
0.559154
0.794965
0.618011
0.622351
0.234238
0.664040
0.731257
0.693638
0.306373
0.082312
0.253126
0.245536
0.403487
0.626301
# Row 43
0.765763
0.902974
0.372158
0.909103
0.922041
0.333884
0.558236
0.223443
0.830329
0.396514
0.430866
0.761920
0.858921
0.324203
0.580418
0.260900
0.585916
0.295553
0.788310
0.845246
0.587917
0.049191
0.545815
0.257864
0.471058
0.413934
0.820956
0.768603
0.302183
0.128944
0.222233
0.489347
0.276518
0.531448
0.872716
0.835145
0.768791
0.264734
0.129001
0.614215
0.643638
0.294873
0.800425
0.992781
0.962610
0.175108
0.241926
0.044503
0.711393
0.631688
0.809266
0.080188
0.402661
0.399652
0.831165
0.673230
0.985787
0.562489
0.825847
0.602598
0.341271
0.962406
0.979046
0.571094
0.260109
0.080350
0.419337
0.906048
0.539310
0.934765
0.040673
0.786842
0.075705
0.328838
0.200025
0.283812
0.350097
0.266770
0.682249
0.441781
0.780307
0.655140
0.699831
0.245029
0.230036
0.866089
0.160342
0.895797
0.714584
0.240721
0.970779
0.903074
0.595809
0.795560
0.189909
0.880424
0.437472
0.919158
0.525104
0.200014
# Row 44
0.155980
0.633020
0.089710
0.143916
0.186966
0.479289
0.784639
0.473524
0.459081
0.491270
0.890807
0.333937
0.965446
0.221515
0.907300
0.693931
0.420815
0.931345
0.747167
0.555401
0.737230
0.786091
0.714954
0.551597
0.019705
0.018886
0.296962
0.284151
0.230954
0.304465
0.459626
0.458627
0.183588
0.071242
0.588974
0.091598
0.750477
0.738192
0.333969
0.443947
0.128553
0.222056
0.810593
0.941078
0.215427
0.864686
0.957104
0.867068
0.057488
0.790409
0.332195
0.653625
0.376110
0.745041
0.548382
0.853399
0.177101
0.583228
0.517284
0.509002
0.777405
0.666390
0.139325
0.362768
0.450332
0.682496
0.338585
0.847264
0.582384
0.489733
0.967929
0.842831
0.365312
0.972909
0.087350
0.966776
0.808800
0.053904
0.149739
0.490356
0.272533
0.650985
0.366457
0.576528
0.880197
0.787323
0.826512
0.245899
0.518650
0.223208
0.117460
0.553761
0.648297
0.961386
0.256012
0.781179
0.688354
0.048681
0.647559
0.782312
# Row 45
0.204430
0.082856
0.725415
0.903499
0.755005
0.310812
0.494531
0.402786
0.865186
0.767320
0.745981
0.997854
0.836209
0.412964
0.495995
0.892525
0.691078
0.061750
0.718133
0.354888
0.552321
0.184554
0.613932
0.011562
0.776885
0.591465
0.143736
0.491682
0.693804
0.956964
0.906224
0.800121
0.338496
0.095215
0.506345
0.862357
0.017696
0.522731
0.534033
0.493923
0.313455
0.881899
0.140370
0.676808
0.513892
0.226809
0.847162
0.435425
0.791006
0.493341
0.766564
0.898369
0.408739
0.955328
0.399121
0.802342
0.092385
0.389821
0.883914
0.875062
0.506434
0.585110
0.209421
0.249167
0.733167
0.788522
0.876994
0.474065
0.207974
0.536299
0.712719
0.363087
0.816916
0.879760
0.522994
0.035362
0.692932
0.430834
0.612719
0.172625
0.632983
0.521876
0.564124
0.938051
0.301054
0.501069
0.293344
0.815452
0.361198
0.172864
0.148751
0.081600
0.108728
0.315721
0.530486
0.871293
0.822329
0.255306
0.238600
0.124357
# Row 46
0.059587
0.594408
0.994722
0.796456
0.155559
0.370902
0.529536
0.892917
0.779048
0.367404
0.438705
0.358464
0.152878
0.781864
0.039883
0.978499
0.379340
0.503834
0.522506
0.962419
0.735156
0.358658
0.282932
0.170261
0.144562
0.679384
0.946010
0.285147
0.715806
0.757081
0.859256
0.040521
0.974607
0.183704
0.929521
0.688824
0.565314
0.932353
0.379614
0.693152
0.862256
0.578028
0.112084
0.472725
0.363571
0.223905
0.860687
0.413948
0.479528
0.105148
0.621566
0.139867
0.506800
0.151767
0.123598
0.720544
0.157388
0.926722
0.411380
0.504754
0.022019
0.753916
0.269083
0.099538
0.157129
0.716995
0.955809
0.649103
0.534349
0.763711
0.003396
0.539700
0.152314
0.877368
0.049189
0.444305
0.031133
0.177468
0.445480
0.822758
0.266871
0.652863
0.763799
0.602596
0.571692
0.794504
0.058610
0.416984
0.847959
0.729351
0.587110
0.993271
0.002678
0.125414
0.518682
0.733870
0.391496
0.469554
0.381137
0.265978
# Row 47
0.556393
0.659108
0.656503
0.454475
0.683721
0.806149
0.084928
0.660028
0.933036
0.855073
0.092892
0.609544
0.273934
0.951919
0.015826
0.246817
0.097757
0.384591
0.823079
0.106310
0.851582
0.509745
0.215942
0.751873
0.559511
0.083093
0.800867
0.434911
0.965067
0.269342
0.537339
0.533718
0.341098
0.795560
0.523185
0.358663
0.790224
0.962977
0.062783
0.258625
0.198389
0.797873
0.722116
0.494945
0.333125
0.519014
0.018434
0.303537
0.901655
0.759223
0.534194
0.827264
0.534899
0.900009
0.550731
0.943815
0.553017
0.274180
0.935686
0.354093
0.235499
0.441127
0.611741
0.938144
0.981423
0.837742
0.807781
0.276366
0.848875
0.715060
0.725590
0.209863
0.230214
0.762653
0.727063
0.353060
0.903747
0.341180
0.593171
0.942112
0.032190
0.945533
0.464322
0.313070
0.312202
0.829553
0.333121
0.553640
0.953255
0.576806
0.218713
0.501644
0.342576
0.504513
0.654147
0.702757
0.578060
0.859157
0.814467
0.260902
# Row 48
0.793606
0.787844
0.407096
0.678838
0.709749
0.550228
0.443803
0.896538
0.793588
0.638263
0.774728
0.283941
0.060740
0.677475
0.052390
0.466564
0.981279
0.741678
0.822984
0.581542
0.322660
0.086606
0.132629
0.043005
0.564559
0.125872
0.259612
0.695012
0.820879
0.579715
0.515274
0.543756
0.898345
0.233544
0.024300
0.175414
0.182778
0.275246
0.731282
0.709322
0.775043
0.129312
0.769097
0.326333
0.578727
0.479103
0.653547
0.307976
0.578794
0.439063
0.378661
0.272894
0.130897
0.794734
0.422081
0.192909
0.819074
0.824191
0.426989
0.492760
0.027415
0.419723
0.106398
0.406203
0.329655
0.278590
0.870572
0.988828
0.728003
0.577406
0.165319
0.127050
0.595759
0.302875
0.337515
0.276516
0.402116
0.814259
0.527116
0.895375
0.255192
0.058162
0.087967
0.882923
0.401739
0.457274
0.031823
0.207103
0.808526
0.930815
0.093265
0.110837
0.138383
0.870271
0.052780
0.273566
0.968909
0.549972
0.709556
0.407445
# Row 49
0.207435
0.274070
0.345895
0.465114
0.883823
0.191196
0.106186
0.795811
0.982941
0.802669
0.562816
0.717761
0.669138
0.672505
0.949986
0.476549
0.191980
0.156061
0.408138
0.971739
0.310047
0.303102
0.843673
0.887818
0.170216
0.680034
0.120980
0.532147
0.003997
0.180501
0.669860
0.223672
0.598824
0.954292
0.817710
0.094375
0.447472
0.148323
0.301782
0.653960
0.527871
0.002445
0.245270
0.060820
0.401493
0.024908
0.107647
0.263372
0.402379
0.050912
0.663539
0.690416
0.109976
0.291981
0.297587
0.032918
0.624651
0.358474
0.900321
0.568809
0.790562
0.292964
0.440510
0.024028
0.910118
0.014246
0.104026
0.864531
0.469335
0.132121
0.412733
0.293606
0.323798
0.758992
0.356796
0.845336
0.888812
0.888586
0.631078
0.967821
0.420635
0.823257
0.104761
0.168877
0.082867
0.463422
0.670196
0.333058
0.355331
0.495455
0.312321
0.533210
0.482766
0.363198
0.267206
0.764369
0.175956
0.634067
0.353799
0.375146
# Row 50
0.095214
0.990193
0.276293
0.804936
0.770462
0.620320
0.918478
0.438254
0.376376
0.557176
0.351744
0.734462
0.096391
0.311182
0.624017
0.197363
0.915033
0.573804
0.009967
0.520078
0.391442
0.397252
0.608405
0.322697
0.933591
0.962056
0.249347
0.130270
0.036185
0.196090
0.102079
0.594329
0.917387
0.249703
0.091385
0.810477
0.620104
0.318767
0.869516
0.936401
0.390762
0.963660
0.247364
0.068453
0.548276
0.835874
0.453553
0.530626
0.972614
0.299195
0.611875
0.798116
0.218390
0.538983
0.355893
0.289861
0.364669
0.376297
0.437835
0.182563
0.396418
0.644504
0.643699
0.325080
0.852448
0.911109
0.857232
0.760047
0.924154
0.819122
0.984859
0.422867
0.231936
0.928202
0.877613
0.311162
0.302969
0.719472
0.783471
0.965597
0.814187
0.218539
0.106430
0.031136
0.015497
0.333431
0.912280
0.172737
0.305642
0.608362
0.233671
0.788035
0.670613
0.286403
0.520247
0.019276
0.913675
0.745799
0.737768
0.135865
# Row 51
0.186946
0.933161
0.531121
0.696037
0.984879
0.034885
0.370598
0.150942
0.266300
0.494329
0.742842
0.016704
0.847894
0.550745
0.724476
0.090614
0.350733
0.716285
0.887786
0.747671
0.303059
0.255075
0.587326
0.335274
0.105692
0.534253
0.620313
0.439333
0.377932
0.597638
0.851828
0.067813
0.226469
0.000583
0.160777
0.971283
0.550747
0.637359
0.460126
0.669056
0.026384
0.303678
0.244098
0.688861
0.633116
0.145683
0.237772
0.863384
0.832487
0.047777
0.096196
0.704836
0.898794
0.765237
0.498890
0.235678
0.688190
0.089756
0.393022
0.667506
0.847099
0.188417
0.989124
0.858864
0.242143
0.136354
0.544636
0.055311
0.197561
0.493392
0.073742
0.420767
0.988778
0.993700
0.190698
0.848093
0.326662
0.229091
0.075355
0.419635
0.218352
0.830736
0.493972
0.246408
0.378006
0.576134
0.319007
0.709619
0.132926
0.069130
0.674847
0.962854
0.704037
0.927210
0.751994
0.920650
0.589632
0.544463
0.242603
0.493164
# Row 52
0.130427
0.528325
0.971557
0.051575
0.843681
0.397003
0.548088
0.689839
0.773506
0.401382
0.115687
0.841068
0.480960
0.745036
0.607659
0.907399
0.786625
0.628945
0.350591
0.357764
0.453717
0.569783
0.629702
0.965866
0.463083
0.223636
0.622942
0.619204
0.762687
0.398075
0.312718
0.187881
0.581289
0.227445
0.935851
0.948616
0.865152
0.307507
0.777931
0.804892
0.742041
0.390361
0.654582
0.209204
0.330835
0.498461
0.949558
0.099141
0.718366
0.763064
0.251325
0.017546
0.616120
0.178407
0.302317
0.750730
0.515073
0.805029
0.457953
0.530844
0.082015
0.786097
0.158473
0.992813
0.918211
0.157245
0.011463
0.427218
0.542372
0.646736
0.135627
0.343008
0.803872
0.057848
0.048907
0.253859
0.696283
0.993969
0.921691
0.875434
0.371284
0.489319
0.736932
0.404800
0.772198
0.920467
0.284896
0.225273
0.766900
0.537513
0.905591
0.608222
0.591189
0.226144
0.114418
0.776593
0.274194
0.115609
0.296955
0.952608
# Row 53
0.042929
0.321509
0.331107
0.774166
0.358140
0.160205
0.536080
0.161760
0.660315
0.313369
0.708044
0.421342
0.373850
0.642108
0.085240
0.040552
0.577329
0.151102
0.997054
0.378544
0.675603
0.250987
0.251878
0.756526
0.659581
0.243924
0.270041
0.460769
0.195520
0.410893
0.786566
0.896783
0.008135
0.273049
0.052911
0.747486
0.300375
0.362773
0.729329
0.045332
0.354593
0.017395
0.655087
0.764652
0.880563
0.410429
0.941018
0.962960
0.089037
0.887432
0.079036
0.876064
0.176986
0.068005
0.190954
0.319840
0.792327
0.519010
0.031936
0.530084
0.809630
0.769913
0.762940
0.330526
0.180378
0.217487
0.855551
0.547802
0.835880
0.008210
0.288755
0.571633
0.310416
0.262197
0.640584
0.209987
0.437097
0.247826
0.921600
0.724417
0.747856
0.082268
0.398217
0.502723
0.008768
0.736580
0.021519
0.977655
0.147330
0.097035
0.924244
0.515417
0.012532
0.374841
0.240638
0.350592
0.362503
0.577781
0.910148
0.649890
# Row 54
0.937647
0.138743
0.268152
0.251444
0.766734
0.232229
0.930673
0.995570
0.114967
0.161240
0.523287
0.173810
0.940232
0.339231
0.168883
0.953344
0.928265
0.466876
0.769058
0.551544
0.259287
0.168288
0.127381
0.949384
0.175743
0.529010
0.960434
0.442039
0.209225
0.107036
0.118356
0.870356
0.948808
0.272316
0.637629
0.888523
0.435192
0.389548
0.025241
0.672657
0.415742
0.878759
0.828529
0.523927
0.643446
0.569278
0.685294
0.470890
0.324604
0.771821
0.733840
0.221988
0.470748
0.912708
0.255051
0.294584
0.872754
0.451619
0.434385
0.375719
0.350568
0.703231
0.089568
0.617180
0.829609
0.432653
0.482004
0.689008
0.222208
0.039520
0.991565
0.707610
0.444779
0.396284
0.513892
0.204036
0.652575
0.088632
0.168032
0.832341
0.725467
0.811616
0.964710
0.655358
0.570212
0.911301
0.869528
0.344516
0.125040
0.701348
0.541689
0.140929
0.347346
0.915354
0.481393
0.736909
0.548923
0.933225
0.374976
0.530978
# Row 55
0.408079
0.712927
0.786247
0.806641
0.854489
0.403092
0.658805
0.997601
0.889482
0.658120
0.223618
0.182216
0.698366
0.742154
0.158649
0.541059
0.137246
0.623946
0.235231
0.597141
0.667588
0.728880
0.175323
0.413212
0.978667
0.640942
0.203432
0.459516
0.120290
0.415119
0.429084
0.894171
0.783121
0.864489
0.065424
0.463202
0.057139
0.086317
0.855084
0.965171
0.293840
0.963913
0.417426
0.213758
0.646450
0.567351
0.486127
0.038821
0.094645
0.433619
0.810574
0.101103
0.733962
0.058329
0.439461
0.057319
0.361467
0.515029
0.984316
0.940913
0.782491
0.638820
0.521448
0.949863
0.240838
0.387783
0.983259
0.228037
0.207179
0.814321
0.117247
0.652416
0.796181
0.039682
0.459867
0.197772
0.998844
0.995368
0.842231
0.636156
0.967611
0.757019
0.978102
0.274608
0.860904
0.597567
0.897671
0.165326
0.402084
0.490495
0.802039
0.903110
0.824650
0.529893
0.195285
0.310890
0.328124
0.446574
0.478716
0.201887
# Row 56
0.453108
0.198988
0.093595
0.083321
0.872984
0.130146
0.505859
0.359122
0.295517
0.798760
0.023573
0.915964
0.349976
0.721597
0.512899
0.196960
0.212453
0.577473
0.371898
0.129901
0.079854
0.109831
0.677569
0.872048
0.555870
0.978577
0.737214
0.941844
0.252498
0.122549
0.550616
0.250853
0.958861
0.036912
0.078095
0.038537
0.183789
0.496042
0.067577
0.100881
0.666686
0.178511
0.330984
0.734298
0.077447
0.909000
0.289293
0.872750
0.923611
0.620072
0.792224
0.252743
0.062744
0.968297
0.331735
0.513072
0.919398
0.893279
0.930335
0.729409
0.846363
0.379461
0.020969
0.444415
0.194740
0.629499
0.323021
0.118890
0.790341
0.660488
0.040485
0.576138
0.206742
0.631990
0.097986
0.308286
0.607887
0.664912
0.725822
0.968704
0.963529
0.435588
0.597416
0.388159
0.155013
0.868500
0.205399
0.564071
0.251326
0.007979
0.983092
0.212864
0.988306
0.843676
0.286599
0.216107
0.997862
0.981971
0.152396
0.094042
# Row 57
0.457775
0.596759
0.342647
0.107467
0.742718
0.824804
0.645046
0.714209
0.108624
0.475307
0.468501
0.523185
0.018228
0.648403
0.186243
0.121806
0.076906
0.166367
0.342915
0.866268
0.683815
0.943542
0.133923
0.974735
0.981420
0.901129
0.559033
0.746849
0.902153
0.381274
0.376202
0.036311
0.537816
0.357470
0.667324
0.954039
0.497283
0.966565
0.159614
0.295732
0.750795
0.909106
0.812358
0.128353
0.892851
0.251924
0.919588
0.984595
0.076381
0.808533
0.638858
0.992668
0.692858
0.022930
0.431679
0.191613
0.388667
0.610679
0.092689
0.070934
0.237858
0.852903
0.505382
0.739647
0.934029
0.645159
0.848848
0.926409
0.146265
0.190556
0.001936
0.482297
0.710719
0.627240
0.361251
0.084981
0.933449
0.192349
0.173333
0.201739
0.872861
0.561128
0.948041
0.974166
0.290570
0.340329
0.191837
0.845116
0.825261
0.933885
0.901333
0.404669
0.500598
0.996618
0.267611
0.923765
0.649082
0.824286
0.341776
0.348938
# Row 58
0.770710
0.437307
0.936651
0.517668
0.378301
0.958122
0.425977
0.029926
0.968292
0.581347
0.942025
0.476963
0.433025
0.929975
0.558814
0.623305
0.362013
0.584171
0.628485
0.093014
0.208094
0.781171
0.462824
0.197680
0.489944
0.701080
0.923858
0.723434
0.414055
0.874627
0.313332
0.869891
0.203469
0.342077
0.790177
0.598631
0.272466
0.539522
0.660650
0.536258
0.268719
0.037641
0.493329
0.311875
0.078624
0.272195
0.529640
0.955693
0.646546
0.114076
0.162094
0.300514
0.962181
0.374408
0.912133
0.406867
0.717532
0.237384
0.885729
0.962917
0.899772
0.786083
0.849122
0.619179
0.270319
0.626243
0.033863
0.923857
0.163632
0.526847
0.437364
0.186045
0.029512
0.657497
0.573256
0.360485
0.426335
0.599211
0.388957
0.209079
0.863712
0.791689
0.903067
0.231691
0.684150
0.425903
0.222654
0.493012
0.584705
0.231503
0.133582
0.715578
0.010167
0.894892
0.772137
0.213757
0.425612
0.492592
0.792937
0.152913
# Row 59
0.903200
0.867835
0.459145
0.615792
0.868804
0.114119
0.662177
0.318885
0.659635
0.571166
0.698317
0.960081
0.483655
0.065427
0.811073
0.901086
0.762749
0.633784
0.875786
0.640054
0.829685
0.015636
0.935434
0.648634
0.757679
0.661247
0.575033
0.110690
0.282456
0.524525
0.781225
0.775438
0.460089
0.143645
0.111172
0.034539
0.847523
0.385954
0.781614
0.850085
0.632720
0.182747
0.978809
0.838572
0.642065
0.809137
0.030160
0.585452
0.456395
0.993804
0.518804
0.697011
0.744283
0.858464
0.366646
0.653073
0.220684
0.388321
0.965696
0.807858
0.537432
0.589157
0.661657
0.890463
0.664297
0.476362
0.050286
0.714614
0.508358
0.613896
0.351817
0.044004
0.306446
0.640408
0.500763
0.339724
0.699661
0.414649
0.899650
0.495660
0.927752
0.427543
0.111001
0.342561
0.660132
0.574313
0.130383
0.258718
0.082950
0.382697
0.526082
0.392333
0.789835
0.244340
0.332554
0.895902
0.157491
0.002902
0.532783
0.955043
# Row 60
0.434263
0.587403
0.600118
0.912615
0.016304
0.931007
0.436732
0.233702
0.946196
0.638246
0.140813
0.608761
0.735333
0.227020
0.058128
0.972280
0.204454
0.011216
0.178864
0.334458
0.255128
0.056206
0.984347
0.936404
0.755451
0.149571
0.639689
0.588186
0.050630
0.415326
0.980478
0.017613
0.826493
0.359517
0.020069
0.420255
0.072425
0.581847
0.877760
0.073024
0.949001
0.701038
0.719328
0.160206
0.282143
0.815706
0.835094
0.808537
0.825362
0.917895
0.635389
0.573628
0.078277
0.469169
0.600248
0.241258
0.374862
0.980826
0.014140
0.172065
0.788620
0.067561
0.285064
0.535599
0.602165
0.490794
0.381357
0.549078
0.191621
0.112119
0.212930
0.297570
0.046059
0.143237
0.883517
0.296217
0.721351
0.325953
0.596969
0.733043
0.086690
0.689632
0.517149
0.264546
0.609414
0.815050
0.163837
0.428320
0.316287
0.349288
0.535920
0.680556
0.722002
0.148525
0.350741
0.895136
0.511356
0.422132
0.790508
0.899678
# Row 61
0.261447
0.675759
0.372191
0.437249
0.483604
0.932344
0.878371
0.386320
0.818985
0.492817
0.278248
0.342056
0.232351
0.493064
0.758814
0.846209
0.489098
0.346508
0.107425
0.878250
0.372949
0.223986
0.923381
0.305051
0.885666
0.421662
0.375129
0.089260
0.773728
0.476514
0.302367
0.326857
0.936308
0.395703
0.432467
0.912320
0.698261
0.325238
0.835343
0.496030
0.273672
0.364300
0.680415
0.724246
0.520236
0.269869
0.036903
0.749146
0.891049
0.242862
0.230833
0.017593
0.254979
0.358337
0.948414
0.135587
0.484601
0.030877
0.368468
0.544593
0.734690
0.989652
0.582357
0.110557
0.565587
0.889556
0.087048
0.931377
0.243710
0.984177
0.337937
0.519696
0.993396
0.327985
0.047771
0.461213
0.825631
0.119370
0.894940
0.021419
0.053791
0.918957
0.539928
0.453086
0.275842
0.220601
0.777413
0.811261
0.586674
0.872884
0.411091
0.420693
0.041085
0.069541
0.119524
0.161941
0.953805
0.486661
0.478264
0.986981
# Row 62
0.861883
0.846696
0.163069
0.473498
0.829296
0.954090
0.631558
0.350660
0.014179
0.560036
0.669389
0.239793
0.894330
0.275440
0.698428
0.953625
0.433307
0.928233
0.738039
0.580814
0.522441
0.035955
0.149184
0.882055
0.836412
0.484915
0.490362
0.764642
0.452819
0.636578
0.893437
0.448955
0.198693
0.249423
0.698211
0.448605
0.266492
0.154920
0.742354
0.352229
0.584359
0.169896
0.716364
0.206052
0.203865
0.390444
0.593004
0.779883
0.384935
0.686146
0.011746
0.273358
0.491989
0.805080
0.028824
0.842773
0.475577
0.182616
0.173417
0.351152
0.886046
0.008967
0.824115
0.755328
0.664297
0.805792
0.534319
0.724483
0.571945
0.160727
0.790752
0.255982
0.079513
0.105854
0.439127
0.928476
0.925530
0.152666
0.511650
0.861587
0.818110
0.228887
0.752104
0.679268
0.878808
0.733527
0.768300
0.683856
0.259179
0.933856
0.414677
0.814383
0.804714
0.784880
0.888590
0.700945
0.937881
0.537662
0.734538
0.542368
# Row 63
0.899339
0.811978
0.816327
0.573552
0.769388
0.001918
0.616369
0.388470
0.014162
0.335873
0.435340
0.322450
0.714593
0.766703
0.128893
0.841234
0.770698
0.280818
0.568717
0.443194
0.687321
0.609403
0.643737
0.854371
0.576156
0.639456
0.117691
0.323726
0.616989
0.760853
0.278691
0.038887
0.851011
0.668027
0.004870
0.151936
0.101218
0.746324
0.531265
0.592359
0.378105
0.614790
0.942967
0.852764
0.009610
0.935528
0.797986
0.755452
0.187705
0.517096
0.562876
0.978196
0.732960
0.583661
0.940749
0.860150
0.804125
0.916023
0.103869
0.888580
0.511374
0.224576
0.183553
0.839838
0.996892
0.432195
0.693920
0.009958
0.420338
0.637575
0.401316
0.408325
0.403046
0.022414
0.229565
0.429641
0.145473
0.250871
0.297007
0.982995
0.517082
0.393919
0.002438
0.601064
0.634780
0.767656
0.054156
0.826765
0.581146
0.491610
0.513549
0.468984
0.081381
0.004772
0.798894
0.814130
0.850499
0.193256
0.366562
0.897376
# Row 64
0.460323
0.419385
0.608970
0.688513
0.557880
0.348721
0.737800
0.884916
0.019729
0.565610
0.866771
0.671317
0.655297
0.081438
0.683373
0.686742
0.709605
0.770939
0.469198
0.807462
0.072895
0.833860
0.462776
0.626210
0.520866
0.651367
0.779318
0.487872
0.801942
0.983328
0.133517
0.076654
0.102666
0.694526
0.233023
0.176287
0.582604
0.980789
0.902764
0.820705
0.827843
0.031690
0.198510
0.485933
0.357054
0.871999
0.109685
0.753509
0.684334
0.692380
0.027212
0.401013
0.934611
0.749351
0.256137
0.686210
0.984644
0.089415
0.231875
0.618626
0.507974
0.152171
0.203512
0.827385
0.905980
0.217585
0.380806
0.698641
0.758249
0.684318
0.510026
0.372620
0.300410
0.065732
0.606877
0.952240
0.291358
0.150142
0.895418
0.516231
0.047417
0.039883
0.595701
0.774216
0.059542
0.323327
0.988961
0.114159
0.460465
0.774169
0.539453
0.429809
0.239063
0.057892
0.841919
0.173376
0.904736
0.566622
0.821147
0.143771
# Row 65
0.758837
0.826564
0.166985
0.320639
0.834902
0.818545
0.128730
0.707504
0.304608
0.929005
0.904948
0.412274
0.919851
0.278996
0.289193
0.719534
0.159419
0.550829
0.512806
0.486657
0.785527
0.600038
0.359958
0.005258
0.683504
0.574057
0.317698
0.332380
0.177533
0.693741
0.418119
0.723802
0.585370
0.540674
0.387488
0.047630
0.021939
0.648546
0.047697
0.163000
0.390716
0.453146
0.631553
0.100067
0.945721
0.510435
0.740876
0.247908
0.676961
0.159235
0.264227
0.561575
0.307515
0.063466
0.301269
0.343945
0.708555
0.913203
0.338596
0.388495
0.684892
0.854563
0.865568
0.022665
0.081856
0.331434
0.789743
0.845537
0.066101
0.099084
0.344529
0.076306
0.868265
0.367754
0.314264
0.430326
0.702257
0.776507
0.925017
0.216710
0.530413
0.122209
0.456817
0.945577
0.690174
0.179703
0.771974
0.574856
0.578607
0.266768
0.474649
0.687210
0.876590
0.416605
0.222421
0.329142
0.533358
0.622412
0.907502
0.069220
# Row 66
0.601263
0.879675
0.573223
0.533755
0.264695
0.954281
0.293000
0.389929
0.129436
0.496448
0.030161
0.492865
0.190116
0.365052
0.136542
0.859279
0.363413
0.653499
0.507897
0.832016
0.130390
0.761414
0.069948
0.453116
0.568521
0.046566
0.748773
0.755053
0.846081
0.744519
0.114533
0.637947
0.400465
0.351135
0.662939
0.843049
0.407518
0.932473
0.101980
0.518454
0.479105
0.530659
0.883114
0.151119
0.587104
0.161462
0.600347
0.500076
0.117941
0.803688
0.274392
0.289677
0.405198
0.231767
0.142701
0.130262
0.589090
0.776524
0.542767
0.638615
0.809483
0.865968
0.162366
0.384545
0.480312
0.014627
0.145684
0.836018
0.222566
0.328808
0.801418
0.297367
0.283643
0.373853
0.423702
0.207469
0.353736
0.721698
0.678045
0.502620
0.344431
0.741688
0.244429
0.857664
0.238160
0.309555
0.773563
0.945179
0.695133
0.449029
0.478237
0.732944
0.940430
0.363645
0.831332
0.752214
0.099909
0.504614
0.309794
0.081542
# Row 67
0.739273
0.911340
0.047503
0.011870
0.844146
0.977107
0.730315
0.387753
0.896362
0.472154
0.377495
0.996958
0.417221
0.303904
0.552456
0.036873
0.304531
0.329160
0.482258
0.192556
0.257376
0.041111
0.943146
0.679717
0.409364
0.135882
0.194867
0.338984
0.154320
0.585709
0.779179
0.508633
0.802986
0.690955
0.400656
0.585405
0.738155
0.698820
0.096231
0.431383
0.800011
0.526333
0.393051
0.764324
0.722538
0.238040
0.524044
0.434924
0.123018
0.549570
0.092473
0.743564
0.215423
0.367192
0.878804
0.267998
0.548521
0.356639
0.997112
0.789840
0.462563
0.653445
0.018364
0.939661
0.994303
0.989021
0.372066
0.886812
0.846901
0.884579
0.656726
0.430252
0.065120
0.847235
0.977296
0.990584
0.831262
0.143310
0.081314
0.441976
0.516143
0.192740
0.585045
0.276853
0.802267
0.660902
0.619859
0.978205
0.442164
0.171090
0.643788
0.536496
0.450141
0.238938
0.263305
0.033752
0.255449
0.571458
0.708515
0.010146
# Row 68
0.402093
0.575927
0.066953
0.702780
0.676287
0.601144
0.676063
0.117347
0.316216
0.664566
0.824143
0.566693
0.027626
0.798361
0.439414
0.732188
0.538347
0.535805
0.035077
0.311252
0.098861
0.832616
0.306347
0.884831
0.726090
0.017469
0.377985
0.140329
0.723682
0.349206
0.415478
0.027147
0.552229
0.848040
0.730619
0.703128
0.003060
0.202827
0.426724
0.290720
0.713989
0.440322
0.287152
0.932370
0.796808
0.395027
0.963372
0.486754
0.995123
0.825026
0.468901
0.402828
0.705786
0.781207
0.639417
0.949973
0.054575
0.820959
0.136796
0.562814
0.271727
0.145100
0.018506
0.712369
0.948447
0.276316
0.079426
0.465566
0.532759
0.552135
0.519777
0.907727
0.131286
0.304694
0.872481
0.433211
0.390100
0.987822
0.111082
0.754110
0.828190
0.799790
0.983791
0.422849
0.465049
0.163267
0.611516
0.939050
0.221005
0.154362
0.432695
0.732491
0.255243
0.027155
0.562889
0.740967
0.849898
0.031856
0.403308
0.083991
# Row 69
0.435317
0.962014
0.923700
0.760386
0.995821
0.243234
0.958330
0.050768
0.089470
0.862301
0.289387
0.705802
0.579919
0.266863
0.403346
0.260052
0.512068
0.292824
0.949055
0.281587
0.292685
0.715956
0.911151
0.792517
0.967320
0.708251
0.851605
0.859134
0.248656
0.105866
0.731442
0.726610
0.460171
0.277918
0.473094
0.277434
0.451724
0.602684
0.683302
0.830535
0.137953
0.204881
0.652392
0.815631
0.751634
0.044904
0.656205
0.991760
0.415961
0.554150
0.693617
0.107567
0.773998
0.421547
0.529864
0.092094
0.300011
0.512232
0.421542
0.527198
0.514156
0.162956
0.264039
0.685774
0.665167
0.688632
0.420103
0.363716
0.899495
0.054625
0.906509
0.018692
0.442199
0.539645
0.384335
0.926580
0.645315
0.319715
0.920731
0.638788
0.761978
0.245788
0.372523
0.573145
0.156118
0.432570
0.544270
0.090798
0.112894
0.406404
0.758013
0.535379
0.057169
0.523351
0.854918
0.962968
0.477508
0.728498
0.849120
0.337223
# Row 70
0.180480
0.813041
0.843470
0.859017
0.232046
0.481539
0.470735
0.540395
0.474835
0.378407
0.070477
0.705517
0.315956
0.865978
0.282672
0.534014
0.361254
0.688108
0.418828
0.173060
0.808659
0.600446
0.247536
0.092195
0.513301
0.774001
0.044865
0.888963
0.586727
0.971054
0.454773
0.463798
0.905884
0.605780
0.877787
0.549943
0.177130
0.305986
0.457818
0.829820
0.246727
0.222464
0.920434
0.005117
0.270811
0.339499
0.387670
0.066438
0.581426
0.440808
0.164085
0.872809
0.615734
0.211718
0.368913
0.885528
0.946025
0.508605
0.145767
0.279113
0.169692
0.914068
0.183183
0.589484
0.430306
0.899931
0.048602
0.861780
0.460525
0.834906
0.700236
0.873493
0.910485
0.559721
0.774053
0.269932
0.075063
0.685908
0.328234
0.335931
0.011771
0.296706
0.599523
0.008264
0.077944
0.496987
0.622578
0.616348
0.569250
0.696541
0.875534
0.623822
0.947646
0.555986
0.236523
0.370537
0.969819
0.881098
0.713834
0.914086
# Row 71
0.309411
0.139131
0.597050
0.613496
0.278394
0.675240
0.771062
0.047016
0.343383
0.629194
0.045881
0.313597
0.978384
0.258961
0.042192
0.226891
0.251187
0.150552
0.698229
0.505087
0.489414
0.180690
0.043793
0.814156
0.575276
0.163790
0.940834
0.601094
0.364567
0.686591
0.889201
0.613196
0.482775
0.557243
0.316013
0.035562
0.214889
0.681098
0.536047
0.378829
0.349181
0.648831
0.519897
0.840124
0.960683
0.275491
0.921116
0.460509
0.107160
0.168772
0.380745
0.270680
0.967112
0.804186
0.788372
0.902620
0.861808
0.732250
0.977145
0.138498
0.985907
0.392510
0.763020
0.249917
0.216147
0.530805
0.506116
0.071934
0.595452
0.645081
0.627831
0.769088
0.599224
0.972239
0.117585
0.537439
0.008313
0.790516
0.817488
0.790555
0.644102
0.781010
0.694381
0.082249
0.698254
0.666054
0.862562
0.399080
0.324143
0.634592
0.475857
0.926271
0.288068
0.254748
0.886789
0.757360
0.123359
0.756002
0.498432
0.726888
# Row 72
0.535032
0.098281
0.289622
0.933771
0.990274
0.008658
0.057801
0.068011
0.052577
0.800014
0.430639
0.223507
0.204578
0.946976
0.785243
0.983454
0.614755
0.005767
0.473161
0.601855
0.572017
0.964574
0.474419
0.614761
0.504354
0.703891
0.541551
0.128948
0.555345
0.151694
0.495229
0.924906
0.386002
0.421602
0.999950
0.837284
0.047777
0.724417
0.487762
0.241822
0.612399
0.911072
0.969798
0.876456
0.500284
0.920477
0.042047
0.289494
0.704758
0.216700
0.169296
0.463957
0.025197
0.069954
0.238278
0.279423
0.987870
0.594030
0.780039
0.496567
0.915966
0.143862
0.247369
0.581508
0.005648
0.611171
0.324378
0.513780
0.746564
0.459616
0.673143
0.470978
0.394818
0.905149
0.471621
0.072848
0.843895
0.379576
0.955160
0.456767
0.352381
0.488498
0.282029
0.494486
0.462701
0.777383
0.945118
0.736774
0.696783
0.205476
0.644601
0.368880
0.434863
0.766480
0.719990
0.396737
0.793183
0.922656
0.568002
0.173633
# Row 73
0.413594
0.686215
0.801452
0.071996
0.290014
0.305251
0.543513
0.848368
0.087933
0.623156
0.213917
0.925189
0.697006
0.578347
0.414746
0.195185
0.904061
0.808693
0.232372
0.957998
0.324113
0.501381
0.060909
0.529792
0.897355
0.078770
0.246464
0.871308
0.996296
0.894490
0.728728
0.095072
0.212728
0.207528
0.898684
0.915727
0.260865
0.446998
0.032721
0.366987
0.770677
0.333888
0.542226
0.433159
0.512090
0.211146
0.484325
0.532152
0.322603
0.888590
0.108020
0.080202
0.572056
0.138270
0.907446
0.097078
0.831350
0.398884
0.670642
0.045404
0.787237
0.250000
0.251329
0.800967
0.711527
0.299118
0.359261
0.924954
0.627036
0.553615
0.121218
0.747164
0.969092
0.407611
0.772451
0.305194
0.103514
0.608596
0.813083
0.942706
0.690772
0.043760
0.724669
0.515340
0.070836
0.730474
0.760776
0.241161
0.651303
0.853979
0.977379
0.460131
0.608424
0.178444
0.082288
0.020778
0.030092
0.291108
0.589253
0.919630
# Row 74
0.243595
0.314810
0.346361
0.798208
0.358804
0.349109
0.657574
0.212208
0.727456
0.647186
0.771509
0.377407
0.857478
0.593378
0.516911
0.656779
0.442093
0.868469
0.816594
0.064049
0.259194
0.746703
0.911333
0.841636
0.287587
0.494955
0.525415
0.937649
0.071925
0.091891
0.262872
0.309785
0.074168
0.469578
0.047331
0.166789
0.981091
0.734304
0.921641
0.904459
0.027805
0.145093
0.471775
0.877239
0.757476
0.331022
0.201965
0.683537
0.006796
0.391127
0.486563
0.138432
0.602546
0.238088
0.084059
0.007872
0.422442
0.179388
0.398254
0.220673
0.336829
0.153250
0.692260
0.136079
0.658618
0.892894
0.737360
0.393612
0.216917
0.238850
0.048492
0.417138
0.993094
0.777976
0.012029
0.185940
0.452785
0.397995
0.143597
0.962162
0.637694
0.411867
0.170920
0.206922
0.689468
0.846847
0.069369
0.498021
0.534899
0.794075
0.989265
0.342297
0.815832
0.376877
0.810548
0.958022
0.975261
0.686323
0.901730
0.380241
# Row 75
0.467993
0.733135
0.308764
0.248629
0.932978
0.123694
0.771472
0.897501
0.506123
0.348055
0.579328
0.546276
0.256290
0.598716
0.706879
0.541470
0.560730
0.265080
0.986987
0.424582
0.494795
0.280489
0.315788
0.680901
0.468151
0.462314
0.268202
0.089839
0.197605
0.772533
0.721563
0.766087
0.044864
0.943684
0.525185
0.011415
0.974232
0.335912
0.256209
0.638805
0.186388
0.903544
0.210911
0.273777
0.474357
0.208274
0.992799
0.462919
0.718875
0.990382
0.074475
0.048103
0.713161
0.634808
0.182793
0.908513
0.780178
0.196278
0.142646
0.683999
0.845632
0.493712
0.223386
0.715544
0.762039
0.180979
0.076142
0.055643
0.576283
0.946627
0.995889
0.787437
0.006161
0.902933
0.658105
0.961689
0.879973
0.373588
0.288148
0.520725
0.514351
0.274363
0.747444
0.574574
0.605026
0.962393
0.542401
0.163702
0.906507
0.183417
0.761170
0.162398
0.831600
0.713898
0.354479
0.615286
0.740142
0.633675
0.637533
0.565350
# Row 76
0.566279
0.297595
0.991125
0.224644
0.091246
0.939766
0.275717
0.198678
0.468100
0.145929
0.689237
0.832833
0.988690
0.887568
0.648049
0.675483
0.821744
0.411162
0.654200
0.509608
0.892979
0.518449
0.137118
0.495197
0.900385
0.925204
0.484003
0.181723
0.915095
0.729228
0.162900
0.627337
0.193683
0.100660
0.211689
0.623448
0.882236
0.193014
0.833933
0.235212
0.715681
0.790477
0.280743
0.085704
0.674701
0.200807
0.181763
0.230516
0.752855
0.483885
0.546332
0.177141
0.481776
0.899723
0.519356
0.827319
0.964346
0.857962
0.829910
0.478605
0.754344
0.060925
0.601845
0.772706
0.704400
0.626998
0.645496
0.771920
0.668113
0.948833
0.561924
0.471392
0.801281
0.835914
0.463006
0.694507
0.853711
0.082894
0.042426
0.792924
0.797479
0.229367
0.277362
0.093329
0.998529
0.684182
0.555024
0.952599
0.832731
0.094764
0.311640
0.344788
0.680095
0.381327
0.856722
0.491046
0.934433
0.025260
0.398365
0.431611
# Row 77
0.451881
0.313732
0.054742
0.042428
0.469250
0.377918
0.955117
0.623454
0.769819
0.114784
0.225591
0.277539
0.905243
0.812556
0.498935
0.194830
0.821466
0.383730
0.565565
0.135594
0.835605
0.188414
0.328586
0.732157
0.699606
0.162110
0.477620
0.217289
0.423080
0.268626
0.344561
0.231136
0.648227
0.619140
0.543488
0.001775
0.038419
0.136569
0.973775
0.366309
0.301199
0.620125
0.030130
0.371451
0.886728
0.963541
0.819208
0.026587
0.932593
0.103004
0.436039
0.781043
0.842312
0.783784
0.964353
0.453702
0.742487
0.220317
0.595613
0.291204
0.545645
0.230761
0.828123
0.094914
0.113216
0.017386
0.028768
0.601926
0.055334
0.767659
0.087938
0.587034
0.588426
0.012207
0.548144
0.167337
0.993465
0.805467
0.467062
0.125658
0.050903
0.418559
0.617718
0.450991
0.174474
0.243575
0.116794
0.841751
0.205050
0.911018
0.594305
0.389560
0.165700
0.390682
0.914964
0.707068
0.006013
0.769086
0.777424
0.172861
# Row 78
0.092012
0.927905
0.249244
0.920608
0.119829
0.957332
0.143135
0.519451
0.267447
0.561352
0.757105
0.690182
0.847611
0.199455
0.743958
0.729566
0.913513
0.277991
0.053824
0.816362
0.201678
0.386370
0.019650
0.930944
0.306859
0.666526
0.695765
0.510477
0.982643
0.721927
0.682556
0.098149
0.188232
0.594075
0.498221
0.433992
0.773883
0.854569
0.416468
0.622267
0.160180
0.639810
0.855442
0.033517
0.743433
0.869246
0.359361
0.435410
0.102710
0.078309
0.895018
0.863866
0.023231
0.421091
0.228052
0.953230
0.344103
0.878230
0.139636
0.740987
0.221773
0.480870
0.986812
0.388714
0.438359
0.136017
0.846276
0.247252
0.318628
0.131938
0.162120
0.311778
0.921263
0.599684
0.346241
0.323528
0.787884
0.609385
0.262207
0.681767
0.343792
0.454364
0.518992
0.425575
0.302481
0.304330
0.272748
0.963707
0.214616
0.339113
0.998572
0.996778
0.782537
0.769749
0.868972
0.354247
0.222699
0.643587
0.833461
0.814843
# Row 79
0.868124
0.858982
0.809693
0.589454
0.256501
0.493577
0.099066
0.107028
0.120614
0.004028
0.960176
0.284231
0.288049
0.475937
0.396564
0.196633
0.386580
0.297959
0.528474
0.261865
0.148168
0.076362
0.262678
0.842887
0.794381
0.484280
0.393805
0.872282
0.583382
0.007501
0.262030
0.367043
0.795928
0.175755
0.855730
0.868852
0.755544
0.090300
0.937006
0.119383
0.514773
0.626242
0.739348
0.016147
0.521992
0.118048
0.849691
0.835035
0.416558
0.161252
0.554409
0.234835
0.417024
0.180436
0.666186
0.950885
0.978947
0.936477
0.325209
0.754927
0.244776
0.254070
0.605765
0.011547
0.605611
0.038216
0.783293
0.444888
0.589066
0.476218
0.605572
0.879267
0.502410
0.065632
0.846484
0.211668
0.347525
0.410156
0.236197
0.580802
0.613853
0.241987
0.695405
0.125485
0.605378
0.783358
0.744245
0.273714
0.003984
0.790475
0.302635
0.713245
0.778441
0.633866
0.595094
0.995215
0.258303
0.780022
0.969833
0.685759
# Row 80
0.975465
0.535507
0.542380
0.568575
0.581897
0.897357
0.284589
0.216469
0.956667
0.589266
0.560276
0.285299
0.273868
0.633941
0.921489
0.773176
0.898331
0.165932
0.940495
0.755677
0.169289
0.189756
0.880792
0.419304
0.412603
0.964270
0.477985
0.625981
0.457272
0.990737
0.083342
0.447528
0.917106
0.809313
0.947622
0.697494
0.007391
0.092567
0.721757
0.186119
0.500791
0.756945
0.008775
0.350729
0.966571
0.900805
0.405658
0.827167
0.890390
0.493851
0.265426
0.077588
0.924688
0.575784
0.932627
0.165868
0.986162
0.725948
0.456619
0.354909
0.389524
0.210443
0.466777
0.211358
0.706083
0.233820
0.655308
0.054726
0.660324
0.370237
0.013293
0.732106
0.554401
0.540237
0.913263
0.079763
0.444109
0.866491
0.339948
0.932686
0.413498
0.682724
0.005513
0.937073
0.720038
0.698042
0.915593
0.623756
0.547241
0.413217
0.799852
0.518418
0.424452
0.940751
0.010775
0.443406
0.699520
0.257226
0.305292
0.442875
# Row 81
0.502923
0.990411
0.837123
0.915520
0.473440
0.256488
0.637878
0.935345
0.755471
0.971855
0.489783
0.389647
0.884606
0.891995
0.983132
0.364033
0.687264
0.315486
0.501197
0.196853
0.096250
0.638327
0.131450
0.240651
0.269497
0.472230
0.014646
0.677376
0.864403
0.835623
0.316088
0.698980
0.113766
0.488852
0.942480
0.088393
0.148126
0.082084
0.892956
0.210638
0.068166
0.697823
0.986612
0.784031
0.672763
0.147784
0.867263
0.571259
0.654430
0.089388
0.067829
0.474773
0.973495
0.489641
0.394109
0.996007
0.082855
0.028235
0.535644
0.819723
0.591940
0.807779
0.158450
0.500214
0.805366
0.853099
0.511875
0.082694
0.650325
0.725081
0.974442
0.609136
0.696947
0.554924
0.858822
0.091920
0.985746
0.594623
0.034971
0.840204
0.991835
0.167605
0.556870
0.283189
0.391312
0.643735
0.989258
0.331828
0.043209
0.725139
0.726524
0.177515
0.281453
0.148837
0.429753
0.454731
0.823782
0.639927
0.136343
0.246979
# Row 82
0.275445
0.101756
0.429082
0.234929
0.839555
0.139227
0.800931
0.756187
0.776216
0.876100
0.483663
0.941913
0.790150
0.960236
0.192081
0.831809
0.610732
0.731384
0.592640
0.251242
0.876491
0.848982
0.661375
0.708955
0.193804
0.602909
0.229139
0.977676
0.130270
0.534215
0.903979
0.830701
0.478877
0.517050
0.645395
0.493121
0.519500
0.754688
0.681069
0.235843
0.167412
0.144416
0.294138
0.593109
0.870576
0.606698
0.562280
0.460009
0.262681
0.457476
0.145676
0.756164
0.839677
0.948511
0.149744
0.996551
0.074349
0.194584
0.333454
0.452347
0.264961
0.849226
0.101748
0.216176
0.206951
0.848934
0.870427
0.400411
0.235870
0.101898
0.286733
0.528042
0.898367
0.198837
0.144406
0.447432
0.127035
0.634202
0.567291
0.480132
0.313703
0.974814
0.522609
0.050447
0.661618
0.244639
0.039026
0.442953
0.045426
0.119336
0.673962
0.176515
0.792568
0.468279
0.030580
0.498197
0.122431
0.236662
0.152286
0.805824
# Row 83
0.820176
0.533246
0.808828
0.162737
0.288665
0.253064
0.374296
0.121841
0.700405
0.307640
0.727182
0.618431
0.176229
0.011837
0.373429
0.903198
0.940891
0.856307
0.505153
0.189436
0.268371
0.512847
0.613841
0.593899
0.830129
0.727845
0.433747
0.911316
0.224546
0.772950
0.708462
0.021602
0.000224
0.374476
0.563987
0.169999
0.222719
0.831501
0.100843
0.758161
0.484763
0.170871
0.354778
0.553679
0.463360
0.254241
0.642586
0.672245
0.500693
0.342746
0.831547
0.257045
0.875068
0.599226
0.526463
0.310799
0.156775
0.742035
0.038515
0.604775
0.363540
0.700044
0.219919
0.364252
0.171019
0.812664
0.455171
0.519986
0.653591
0.294432
0.884455
0.619801
0.465683
0.279421
0.091460
0.053422
0.888194
0.480505
0.263469
0.487759
0.200759
0.062153
0.176368
0.410398
0.669029
0.718140
0.174449
0.397884
0.405537
0.668501
0.711085
0.265096
0.149766
0.609702
0.550981
0.105745
0.872701
0.850586
0.670557
0.535574
# Row 84
0.126335
0.492106
0.445866
0.223615
0.390550
0.624581
0.306241
0.207905
0.807679
0.951329
0.528686
0.096039
0.706313
0.846772
0.828035
0.244138
0.096006
0.730852
0.389511
0.477138
0.837177
0.415743
0.724812
0.086326
0.757300
0.147089
0.394986
0.334877
0.475512
0.827510
0.120695
0.777641
0.820874
0.047724
0.933860
0.506927
0.270908
0.248925
0.858131
0.261639
0.910998
0.552975
0.636106
0.863444
0.714052
0.494375
0.449032
0.992047
0.984135
0.305164
0.553076
0.093958
0.196058
0.291819
0.641705
0.587937
0.122096
0.718564
0.345733
0.228781
0.571795
0.006377
0.113961
0.903004
0.614410
0.769336
0.243791
0.529710
0.216847
0.553215
0.721770
0.542636
0.552482
0.194512
0.910697
0.440488
0.135160
0.576159
0.807993
0.558816
0.553606
0.579264
0.377683
0.874412
0.148035
0.094466
0.307207
0.780386
0.034666
0.703381
0.894701
0.234604
0.575023
0.727398
0.770279
0.995020
0.663363
0.690645
0.886871
0.211919
# Row 85
0.103408
0.294729
0.976357
0.989288
0.229064
0.958971
0.202140
0.586092
0.735351
0.061040
0.500072
0.274470
0.195873
0.704482
0.489172
0.967654
0.800386
0.142623
0.458259
0.178327
0.627293
0.669301
0.854054
0.661326
0.025859
0.628057
0.673130
0.866839
0.004842
0.240709
0.910243
0.605987
0.569034
0.776986
0.657849
0.774918
0.702252
0.508405
0.958218
0.651984
0.731950
0.256358
0.155589
0.871447
0.522388
0.766949
0.309645
0.273492
0.803771
0.749361
0.444645
0.161486
0.755776
0.092098
0.705429
0.181753
0.105250
0.429519
0.259843
0.837311
0.677646
0.042565
0.367844
0.204466
0.846038
0.730884
0.974450
0.529972
0.264642
0.242856
0.473998
0.227265
0.847993
0.564992
0.636961
0.184339
0.182869
0.588171
0.741215
0.955116
0.536224
0.636224
0.563615
0.183181
0.775705
0.078985
0.374499
0.744649
0.854548
0.789440
0.450164
0.479554
0.862800
0.840742
0.842035
0.782838
0.923116
0.387234
0.385372
0.661873
# Row 86
0.650958
0.713223
0.816785
0.443125
0.323374
0.558869
0.723912
0.072282
0.953101
0.904496
0.150535
0.736975
0.869171
0.788966
0.507792
0.326508
0.213270
0.595934
0.931324
0.397035
0.602668
0.721190
0.013107
0.842174
0.543618
0.057689
0.516021
0.277471
0.539876
0.240710
0.042883
0.272540
0.093625
0.788047
0.926863
0.437719
0.383011
0.868895
0.786968
0.064008
0.592263
0.425496
0.154101
0.487822
0.015486
0.254708
0.426363
0.708184
0.830595
0.698910
0.716477
0.516645
0.100269
0.079478
0.172090
0.643144
0.185298
0.479113
0.297052
0.198736
0.513417
0.005204
0.097641
0.173547
0.022873
0.074191
0.394010
0.481197
0.662047
0.391278
0.949229
0.225554
0.969793
0.271258
0.704349
0.588903
0.959576
0.380488
0.099541
0.230035
0.585611
0.269009
0.392958
0.954528
0.860974
0.612385
0.948346
0.936339
0.934052
0.568213
0.490403
0.079281
0.896917
0.260581
0.367294
0.498948
0.911372
0.091431
0.409807
0.260887
# Row 87
0.088086
0.310270
0.236424
0.750619
0.961778
0.288569
0.976521
0.587310
0.969491
0.993228
0.726325
0.178152
0.986455
0.751501
0.423882
0.587818
0.209618
0.079803
0.742620
0.750725
0.835762
0.908828
0.524135
0.457457
0.470276
0.290847
0.868381
0.415760
0.763397
0.700957
0.395711
0.826645
0.720452
0.437301
0.215248
0.773585
0.616879
0.746021
0.556321
0.634492
0.691078
0.021097
0.825521
0.169699
0.340404
0.398783
0.475955
0.782652
0.537529
0.938278
0.655149
0.202210
0.574170
0.277491
0.224641
0.895910
0.062769
0.613717
0.711496
0.432098
0.748526
0.287773
0.806925
0.696349
0.046489
0.366535
0.619976
0.905197
0.091788
0.908013
0.428346
0.209909
0.324154
0.056291
0.750063
0.947376
0.397332
0.517234
0.248726
0.267251
0.264834
0.092265
0.043912
0.578142
0.228600
0.844384
0.142964
0.535312
0.207745
0.701598
0.859747
0.802964
0.479872
0.197011
0.612043
0.621556
0.234883
0.946817
0.467368
0.990884
# Row 88
0.856212
0.987664
0.265305
0.629860
0.380718
0.359209
0.314602
0.521538
0.887715
0.217975
0.229624
0.915148
0.009807
0.211781
0.821178
0.894470
0.551211
0.003203
0.431913
0.683268
0.629348
0.393970
0.250485
0.533699
0.436837
0.924139
0.948470
0.513313
0.846025
0.570042
0.159842
0.591758
0.667393
0.978629
0.518010
0.841457
0.525187
0.804046
0.036384
0.159976
0.455145
0.171545
0.874774
0.938585
0.465239
0.116473
0.988322
0.425562
0.263776
0.329931
0.773940
0.938367
0.061278
0.501175
0.780327
0.481087
0.032409
0.559095
0.453636
0.028128
0.499394
0.775912
0.076943
0.688248
0.814156
0.865824
0.806160
0.001754
0.996676
0.265781
0.489405
0.725344
0.483396
0.866470
0.715593
0.992053
0.481841
0.726084
0.908926
0.706675
0.874004
0.170513
0.859812
0.349388
0.897573
0.099616
0.653446
0.052116
0.824980
0.984303
0.771980
0.314090
0.997982
0.673118
0.155076
0.106407
0.130487
0.715056
0.109893
0.342039
# Row 89
0.113291
0.948578
0.271851
0.860254
0.318007
0.871749
0.891172
0.685998
0.858685
0.077332
0.820165
0.509084
0.511378
0.357440
0.918065
0.109675
0.175432
0.018360
0.593155
0.000392
0.374703
0.326619
0.737723
0.417152
0.409742
0.676914
0.955537
0.166866
0.278651
0.141560
0.262133
0.817274
0.358471
0.155594
0.086813
0.520016
0.382402
0.603237
0.606438
0.010678
0.340664
0.907191
0.082470
0.287863
0.282538
0.555237
0.795225
0.286650
0.390063
0.017143
0.416763
0.820219
0.244376
0.163164
0.733416
0.847570
0.606074
0.063105
0.720817
0.056443
0.801827
0.657439
0.241704
0.040702
0.549351
0.000189
0.436289
0.353044
0.688544
0.093948
0.016087
0.170179
0.322998
0.302583
0.667474
0.602332
0.646186
0.734862
0.086831
0.086499
0.641562
0.155791
0.473717
0.238322
0.644856
0.981074
0.724275
0.806489
0.757334
0.838437
0.919185
0.422417
0.446288
0.398018
0.767239
0.003599
0.587156
0.558547
0.428470
0.428911
# Row 90
0.242112
0.268244
0.034319
0.326583
0.762758
0.916466
0.384236
0.009149
0.307529
0.277005
0.819217
0.154007
0.613829
0.855038
0.447025
0.303238
0.225011
0.391158
0.468292
0.572700
0.285385
0.427397
0.777556
0.689453
0.253105
0.727092
0.691860
0.080190
0.289634
0.963696
0.198294
0.814064
0.842216
0.219952
0.570332
0.754302
0.797428
0.250342
0.343755
0.928065
0.132247
0.204297
0.182097
0.407543
0.885511
0.148754
0.017959
0.572355
0.506196
0.595448
0.402133
0.549542
0.773169
0.675415
0.302644
0.599178
0.919380
0.221094
0.698646
0.817718
0.805510
0.940944
0.441298
0.495194
0.775646
0.994369
0.689614
0.904554
0.570497
0.503162
0.161753
0.980332
0.579996
0.042426
0.811914
0.909216
0.072974
0.627581
0.894037
0.896613
0.461262
0.608675
0.702810
0.471961
0.331317
0.668477
0.290386
0.472424
0.929018
0.532159
0.796877
0.011668
0.110981
0.284712
0.560739
0.150266
0.905639
0.374187
0.201005
0.880009
# Row 91
0.764086
0.486639
0.399748
0.299772
0.157442
0.810155
0.125977
0.270174
0.305313
0.573969
0.700293
0.302855
0.738098
0.733636
0.025142
0.273735
0.921787
0.869143
0.823658
0.694119
0.953026
0.630099
0.119060
0.566152
0.088236
0.776782
0.928001
0.267196
0.655193
0.169315
0.169548
0.819580
0.338596
0.106970
0.744408
0.316494
0.390825
0.638253
0.207384
0.091063
0.531384
0.788627
0.233821
0.473844
0.027708
0.790472
0.414991
0.114841
0.138535
0.068964
0.758265
0.920837
0.019339
0.923283
0.518743
0.639445
0.686007
0.045942
0.756283
0.110192
0.384902
0.510612
0.855117
0.693381
0.979398
0.912958
0.425181
0.513278
0.818057
0.517323
0.740718
0.937648
0.158881
0.608377
0.581607
0.325924
0.076805
0.599858
0.898283
0.068992
0.945214
0.657317
0.697214
0.511006
0.952187
0.758423
0.469101
0.574683
0.662157
0.869043
0.087570
0.033755
0.665325
0.647527
0.576828
0.007830
0.750549
0.210550
0.370210
0.654602
# Row 92
0.500345
0.674546
0.498525
0.351585
0.525426
0.615404
0.601634
0.184347
0.844958
0.220086
0.245808
0.971316
0.869910
0.706641
0.953271
0.677769
0.580985
0.799266
0.762309
0.115708
0.408290
0.413466
0.392880
0.644321
0.943889
0.749636
0.003229
0.920918
0.455543
0.243772
0.600531
0.988342
0.553355
0.079324
0.878583
0.396344
0.701708
0.537934
0.267274
0.056252
0.306248
0.438072
0.413805
0.926209
0.156904
0.374074
0.999795
0.864505
0.218757
0.784196
0.509694
0.408080
0.356407
0.920981
0.285797
0.309577
0.106318
0.212101
0.368276
0.267627
0.205085
0.942076
0.362545
0.920109
0.197895
0.577834
0.991941
0.238302
0.126641
0.842293
0.374965
0.501301
0.395470
0.014249
0.160320
0.975324
0.375468
0.119504
0.909860
0.843000
0.910091
0.162734
0.942668
0.285240
0.467572
0.333033
0.849284
0.515421
0.432599
0.965023
0.113083
0.995513
0.691905
0.734088
0.498781
0.660261
0.830143
0.156485
0.801741
0.262980
# Row 93
0.574559
0.516397
0.115156
0.599971
0.598862
0.181387
0.337358
0.425734
0.985689
0.240026
0.283646
0.034282
0.948627
0.110957
0.514445
0.339827
0.302632
0.357411
0.075777
0.570584
0.447475
0.286704
0.453461
0.510430
0.672602
0.927772
0.556931
0.343556
0.611395
0.834284
0.812829
0.226442
0.954441
0.544624
0.006550
0.519501
0.689367
0.897301
0.358804
0.338241
0.361330
0.220797
0.164126
0.552108
0.164075
0.425805
0.802536
0.280155
0.174951
0.476346
0.920559
0.158905
0.165469
0.620817
0.373233
0.432430
0.156513
0.156984
0.137175
0.121471
0.077347
0.684103
0.812139
0.941849
0.441168
0.574113
0.693614
0.177502
0.106416
0.351479
0.344130
0.675843
0.769719
0.402306
0.441023
0.469106
0.478763
0.798315
0.712027
0.071845
0.885183
0.395998
0.468419
0.239264
0.230444
0.897482
0.543332
0.261803
0.801621
0.394451
0.977780
0.727174
0.266915
0.482860
0.159862
0.001168
0.438806
0.272459
0.107379
0.503212
# Row 94
0.480262
0.225606
0.437886
0.612360
0.808664
0.464047
0.243056
0.805575
0.233715
0.965745
0.479639
0.364616
0.538076
0.437356
0.713587
0.793175
0.449688
0.858247
0.666680
0.455282
0.017489
0.031143
0.278983
0.013149
0.870576
0.490601
0.131394
0.032039
0.875931
0.876811
0.489516
0.796414
0.800823
0.208002
0.804971
0.501214
0.800411
0.224600
0.818459
0.740946
0.784269
0.242614
0.978565
0.704224
0.941308
0.368548
0.452954
0.920025
0.222538
0.884977
0.748851
0.412399
0.275227
0.522056
0.765154
0.961485
0.898249
0.858491
0.810069
0.989801
0.332974
0.434387
0.779700
0.684015
0.731076
0.261964
0.801679
0.004366
0.642624
0.258112
0.403791
0.547887
0.865214
0.930640
0.824094
0.029569
0.086347
0.178546
0.792573
0.779981
0.363525
0.832648
0.794507
0.872003
0.124492
0.098401
0.985248
0.666812
0.366699
0.165703
0.030670
0.984664
0.501604
0.234387
0.866245
0.174269
0.564967
0.148007
0.822536
0.881408
# Row 95
0.616396
0.827193
0.581017
0.749079
0.225465
0.107596
0.780014
0.954947
0.211352
0.292293
0.767441
0.884545
0.820060
0.366044
0.429627
0.218930
0.417515
0.046198
0.351524
0.791903
0.506481
0.585231
0.873721
0.144051
0.476141
0.931311
0.200031
0.308667
0.329860
0.700026
0.322910
0.938812
0.651300
0.632213
0.622879
0.996635
0.032271
0.295058
0.965792
0.337466
0.946103
0.727221
0.574557
0.234769
0.784643
0.300370
0.949507
0.200830
0.240164
0.051279
0.416556
0.995923
0.988410
0.178589
0.210563
0.010086
0.376998
0.859694
0.271705
0.911476
0.533519
0.355349
0.517409
0.639340
0.547459
0.877003
0.326546
0.174187
0.544950
0.505068
0.364544
0.629615
0.038952
0.691186
0.919275
0.807126
0.701615
0.445759
0.292546
0.555150
0.050035
0.110694
0.888524
0.835338
0.669560
0.819429
0.799211
0.972243
0.806156
0.040234
0.452166
0.936942
0.055613
0.438708
0.254056
0.871598
0.654660
0.150973
0.835539
0.221618
# Row 96
0.558155
0.165707
0.131779
0.516991
0.165823
0.121802
0.974919
0.887033
0.668423
0.455695
0.439816
0.046275
0.521576
0.510525
0.884783
0.637487
0.358801
0.246062
0.430986
0.235148
0.634672
0.377335
0.696331
0.914141
0.683762
0.700109
0.564243
0.379762
0.508487
0.627622
0.949946
0.182460
0.114676
0.425562
0.204924
0.341178
0.321228
0.667185
0.455697
0.750041
0.731437
0.179336
0.740406
0.412825
0.598240
0.370107
0.923714
0.846795
0.101864
0.742886
0.627939
0.821541
0.622214
0.548052
0.610183
0.989493
0.794105
0.606607
0.388476
0.353445
0.923497
0.079463
0.424914
0.973943
0.987770
0.337109
0.713640
0.807789
0.291321
0.608106
0.302886
0.190666
0.576282
0.017749
0.662552
0.725105
0.251673
0.252652
0.154859
0.343659
0.485934
0.950715
0.391047
0.110392
0.368632
0.082446
0.381096
0.066923
0.676407
0.888000
0.977888
0.677734
0.043416
0.209354
0.757419
0.379698
0.433020
0.419001
0.690904
0.479657
# Row 97
0.708984
0.221543
0.484300
0.398890
0.112710
0.784044
0.470549
0.652716
0.447928
0.342285
0.327335
0.235976
0.463778
0.306024
0.499194
0.410176
0.097553
0.135341
0.071450
0.545695
0.003694
0.836411
0.471544
0.343372
0.848376
0.798232
0.961329
0.765126
0.709731
0.097257
0.584885
0.555190
0.190938
0.085646
0.407042
0.684311
0.453997
0.567419
0.327442
0.142317
0.820716
0.687478
0.996527
0.623340
0.197405
0.609091
0.858936
0.067295
0.772021
0.449490
0.775517
0.155881
0.946416
0.859790
0.149524
0.517103
0.619175
0.169256
0.830730
0.015412
0.871851
0.525363
0.071596
0.431874
0.056897
0.826100
0.443536
0.547950
0.790880
0.101115
0.323495
0.005550
0.551687
0.010901
0.469067
0.833883
0.421256
0.221049
0.405037
0.609673
0.042148
0.010146
0.139637
0.391504
0.431149
0.789316
0.861782
0.772173
0.858574
0.468353
0.191552
0.196199
0.328429
0.283280
0.668327
0.554937
0.130739
0.803910
0.070836
0.601717
# Row 98
0.660019
0.134264
0.930454
0.917114
0.957734
0.585666
0.986093
0.633781
0.824923
0.389848
0.051804
0.425489
0.524819
0.891043
0.745668
0.041326
0.043820
0.440707
0.132797
0.978981
0.169627
0.261175
0.641463
0.436924
0.673600
0.455348
0.647860
0.051174
0.123719
0.244569
0.123226
0.835527
0.106986
0.307663
0.381573
0.323000
0.285344
0.677990
0.644787
0.909416
0.955400
0.205114
0.195182
0.477078
0.915409
0.791774
0.857721
0.317301
0.077470
0.929438
0.441993
0.355894
0.591032
0.946458
0.278051
0.536803
0.286104
0.587110
0.753467
0.647914
0.099709
0.308656
0.658088
0.732083
0.243799
0.033431
0.477436
0.758882
0.211964
0.056259
0.558193
0.322186
0.138872
0.681925
0.265650
0.549988
0.431539
0.766585
0.032179
0.080675
0.224542
0.239861
0.179950
0.180217
0.889524
0.485789
0.915282
0.793473
0.198334
0.021035
0.214684
0.377158
0.522469
0.603824
0.935066
0.729305
0.700973
0.878596
0.317554
0.078661
# Row 99
0.554408
0.066492
0.753326
0.435981
0.922022
0.473485
0.831882
0.537183
0.088871
0.644575
0.090992
0.665751
0.413708
0.548231
0.780391
0.659311
0.309295
0.949780
0.288248
0.554296
0.734916
0.111145
0.563875
0.564867
0.384948
0.638201
0.008498
0.530419
0.474108
0.952567
0.457743
0.093169
0.684296
0.774224
0.307546
0.817309
0.532886
0.712705
0.755202
0.258417
0.308917
0.641289
0.958255
0.801301
0.291216
0.799650
0.527954
0.461879
0.278444
0.380645
0.746185
0.990312
0.420823
0.816553
0.753569
0.605405
0.920625
0.715195
0.433138
0.761702
0.665014
0.798530
0.993286
0.119025
0.150515
0.672784
0.223230
0.608084
0.861221
0.482700
0.894810
0.314752
0.358896
0.661739
0.860067
0.129647
0.846784
0.038897
0.541739
0.409401
0.572460
0.471189
0.933781
0.592853
0.659014
0.173909
0.074579
0.021139
0.396867
0.769707
0.583153
0.477887
0.617354
0.288736
0.067872
0.937656
0.008722
0.457987
0.540712
0.071061
