100 100
# Row 0
0.113968
0.731187
0.146178
0.043129
0.026904
0.459285
0.537623
0.771399
0.861757
0.426081
0.064168
0.509209
0.399471
0.671254
0.387512
0.522700
0.846470
0.122876
0.934607
0.683537
0.300260
0.117273
0.438340
0.040644
0.944056
0.823129
0.297863
0.782507
0.293433
0.859492
0.071852
0.028160
0.950675
0.197805
0.926191
0.163874
0.588223
0.717170
0.124306
0.128288
0.833297
0.181273
0.108353
0.009359
0.491159
0.582032
0.510272
0.060960
0.082630
0.671933
0.644239
0.174520
0.018568
0.522659
0.960190
0.491885
0.254224
0.306050
0.328952
0.150272
0.902146
0.414490
0.333284
0.679965
0.804113
0.006736
0.359104
0.792325
0.319089
0.083024
0.823833
0.802191
0.752084
0.026623
0.403682
0.717990
0.683075
0.980029
0.391533
0.738778
0.538719
0.500595
0.047635
0.044209
0.743604
0.226042
0.915621
0.016297
0.681574
0.104096
0.938418
0.446341
0.058507
0.447162
0.897595
0.552910
0.481372
0.272830
0.244039
0.354122
# Row 1
0.628149
0.210127
0.018859
0.827294
0.080870
0.581305
0.965732
0.469417
0.109648
0.016888
0.497287
0.101669
0.637044
0.300528
0.239200
0.689774
0.565644
0.758364
0.980645
0.369368
0.231491
0.859221
0.005439
0.952455
0.144480
0.246796
0.665017
0.768680
0.414478
0.918326
0.335472
0.475540
0.437310
0.947096
0.432819
0.307230
0.954809
0.035142
0.252898
0.365862
0.512536
0.309799
0.067689
0.874957
0.450677
0.441291
0.113986
0.587942
0.789109
0.171725
0.022470
0.688794
0.945970
0.287819
0.477087
0.843763
0.977586
0.535161
0.791716
0.508416
0.591946
0.821081
0.921506
0.000123
0.291512
0.662374
0.671580
0.190007
0.696008
0.344672
0.460489
0.318495
0.011539
0.829465
0.577660
0.403740
0.207277
0.495509
0.033853
0.891708
0.270848
0.272076
0.635296
0.630732
0.802941
0.316259
0.062816
0.372446
0.622821
0.825178
0.457031
0.876515
0.259852
0.841698
0.202936
0.290471
0.550533
0.510135
0.378384
0.890601
# Row 2
0.722619
0.433140
0.240608
0.998641
0.582526
0.854482
0.435775
0.065519
0.812433
0.892959
0.544423
0.562201
0.090459
0.043327
0.539395
0.603726
0.260121
0.470316
0.604731
0.711498
0.161607
0.096003
0.118997
0.987093
0.892452
0.229563
0.973082
0.315186
0.162817
0.137587
0.502060
0.261201
0.352458
0.894376
0.347812
0.699136
0.742406
0.492122
0.421421
0.155486
0.892541
0.203558
0.642812
0.535708
0.052640
0.762850
0.343469
0.600273
0.943398
0.018516
0.623639
0.958664
0.917779
0.284506
0.758153
0.773089
0.932322
0.907787
0.098417
0.020971
0.521347
0.333685
0.178531
0.409110
0.001154
0.700596
0.710555
0.605843
0.941128
0.265519
0.360246
0.744459
0.857211
0.549262
0.096135
0.425851
0.521568
0.308399
0.170292
0.126057
0.979750
0.369377
0.540883
0.800531
0.640593
0.093172
0.609625
0.018039
0.800032
0.137055
0.299964
0.489889
0.901536
0.119249
0.725592
0.862300
0.274830
0.414101
0.428409
0.979322
# Row 3
0.160707
0.267266
0.537884
0.009486
0.481211
0.644862
0.310808
0.260923
0.087314
0.156429
0.645633
0.726832
0.474689
0.222571
0.075955
0.336776
0.144776
0.614389
0.883495
0.110502
0.673351
0.058383
0.735484
0.381774
0.981158
0.778487
0.250971
0.582633
0.457321
0.402883
0.195071
0.746658
0.221286
0.379414
0.351964
0.537092
0.505935
0.967699
0.252615
0.756381
0.564282
0.571824
0.750458
0.612969
0.634244
0.973975
0.319888
0.564576
0.907599
0.271162
0.973450
0.021135
0.535984
0.614776
0.882439
0.161804
0.942307
0.331932
0.373679
0.326723
0.891913
0.560135
0.647144
0.003446
0.294230
0.059883
0.702401
0.099191
0.760404
0.556273
0.917570
0.622491
0.821689
0.489033
0.036412
0.881649
0.031467
0.874642
0.984435
0.023166
0.122987
0.574215
0.653712
0.002437
0.995842
0.351797
0.221739
0.613223
0.655387
0.950770
0.558629
0.854470
0.757622
0.027677
0.138708
0.925928
0.122246
0.195271
0.619963
0.401652
# Row 4
0.301803
0.937767
0.853548
0.407135
0.946069
0.584607
0.704591
0.836720
0.517475
0.443676
0.327028
0.098557
0.712656
0.195515
0.764246
0.511141
0.372836
0.597043
0.222268
0.135226
0.445132
0.812593
0.564547
0.485237
0.739999
0.423276
0.441665
0.593293
0.446540
0.520080
0.633125
0.305520
0.075542
0.684474
0.232709
0.373766
0.235810
0.041149
0.047585
0.906211
0.277025
0.635003
0.251510
0.488415
0.794286
0.858190
0.884258
0.853261
0.556212
0.518523
0.126196
0.325995
0.938662
0.898539
0.505155
0.501695
0.096471
0.071877
0.871871
0.220125
0.141002
0.102336
0.373204
0.020896
0.594855
0.099127
0.974691
0.914532
0.527720
0.502665
0.754805
0.657493
0.528617
0.258063
0.084662
0.327084
0.106720
0.542862
0.493964
0.051803
0.131411
0.561943
0.035067
0.350896
0.495566
0.231858
0.023646
0.901312
0.616204
0.740748
0.341041
0.299015
0.553423
0.395626
0.917767
0.773468
0.139925
0.529142
0.420598
0.998543
# Row 5
0.355634
0.721321
0.581098
0.410108
0.369126
0.152395
0.528498
0.470779
0.892195
0.510380
0.124647
0.437125
0.276461
0.766902
0.796669
0.595828
0.720016
0.057865
0.080430
0.995510
0.974513
0.378515
0.834449
0.153325
0.553743
0.357534
0.372333
0.443704
0.976544
0.809763
0.057756
0.155301
0.441039
0.395612
0.878633
0.946246
0.262972
0.616139
0.288353
0.442926
0.735611
0.640961
0.996993
0.459956
0.927902
0.461990
0.192691
0.105731
0.554916
0.465314
0.854165
0.356468
0.981784
0.358119
0.814393
0.400107
0.789331
0.134487
0.190348
0.678700
0.094301
0.336113
0.795259
0.493286
0.015736
0.699934
0.492075
0.818881
0.675816
0.588439
0.876741
0.539663
0.860822
0.589743
0.647708
0.227069
0.716242
0.838790
0.927150
0.308248
0.458079
0.949171
0.256072
0.611591
0.226947
0.723671
0.049452
0.823185
0.647296
0.813008
0.731441
0.976680
0.964306
0.264152
0.290293
0.253698
0.476539
0.005556
0.517037
0.757566
# Row 6
0.352787
0.085750
0.093004
0.595493
0.383965
0.258734
0.044418
0.259618
0.170940
0.904793
0.915615
0.522547
0.160437
0.414795
0.557531
0.585628
0.615460
0.941212
0.369524
0.156384
0.423828
0.737369
0.557964
0.244158
0.816439
0.340545
0.825242
0.399353
0.871996
0.293010
0.421818
0.671876
0.741245
0.392056
0.678735
0.909099
0.023815
0.085175
0.688846
0.974119
0.694930
0.315216
0.375194
0.753295
0.506278
0.123526
0.630949
0.290447
0.301844
0.653387
0.846639
0.276922
0.200572
0.893660
0.969817
0.325754
0.936133
0.861427
0.235574
0.738740
0.721143
0.755879
0.032416
0.752520
0.058072
0.502993
0.648989
0.829309
0.769175
0.646309
0.208276
0.386099
0.808665
0.583721
0.215319
0.269791
0.875524
0.079676
0.303925
0.262472
0.516734
0.938017
0.901559
0.308957
0.928035
0.860255
0.277541
0.006664
0.480693
0.260085
0.388511
0.085227
0.664298
0.095993
0.880823
0.170094
0.501491
0.323876
0.799266
0.501222
# Row 7
0.003299
0.080548
0.935295
0.536392
0.163698
0.172051
0.229301
0.470251
0.688029
0.358932
0.326682
0.747766
0.788470
0.570583
0.836155
0.137287
0.216015
0.824688
0.313711
0.987786
0.315139
0.823537
0.712474
0.951430
0.445872
0.010032
0.416610
0.871505
0.107426
0.121634
0.888288
0.272489
0.585339
0.825059
0.975815
0.140099
0.825796
0.958563
0.586672
0.531260
0.489913
0.878157
0.452788
0.234784
0.059215
0.790610
0.291570
0.831212
0.331076
0.166941
0.682591
0.333513
0.367581
0.038027
0.277322
0.278736
0.729225
0.367537
0.581781
0.974041
0.750378
0.730653
0.996541
0.259748
0.388829
0.169745
0.265380
0.958198
0.327580
0.585671
0.126302
0.342364
0.121932
0.106609
0.133155
0.834769
0.195604
0.071968
0.132160
0.478543
0.901040
0.109126
0.248089
0.892164
0.004132
0.063415
0.925355
0.701981
0.243544
0.580322
0.248916
0.257102
0.788852
0.012519
0.560618
0.575217
0.797202
0.127639
0.113752
0.391812
# Row 8
0.990701
0.186196
0.950309
0.225834
0.469869
0.218554
0.323323
0.009809
0.393931
0.397063
0.255215
0.929781
0.826522
0.931584
0.359973
0.189086
0.923346
0.836483
0.953113
0.849285
0.762756
0.663300
0.022591
0.251585
0.855296
0.069679
0.583321
0.713447
0.656330
0.121702
0.737775
0.799137
0.017545
0.988619
0.818736
0.941576
0.296968
0.187292
0.904021
0.148559
0.979858
0.534955
0.826464
0.952439
0.899486
0.255383
0.318390
0.292406
0.070186
0.303142
0.843948
0.177044
0.416469
0.486703
0.904086
0.426926
0.290583
0.712991
0.519566
0.598221
0.184104
0.988027
0.282529
0.035023
0.852469
0.301246
0.845020
0.477201
0.658388
0.320589
0.215010
0.489601
0.102659
0.823360
0.441365
0.295527
0.628839
0.891231
0.576648
0.151442
0.069533
0.279543
0.551380
0.840078
0.832955
0.719727
0.319364
0.975801
0.723021
0.683200
0.338053
0.789623
0.337042
0.795448
0.830757
0.713207
0.312569
0.375271
0.992238
0.123251
# Row 9
0.397695
0.737513
0.202212
0.892477
0.823999
0.954578
0.712162
0.164191
0.773055
0.754782
0.182289
0.907764
0.679210
0.442107
0.833236
0.096935
0.614145
0.965561
0.010342
0.696478
0.291894
0.126301
0.258724
0.351250
0.133926
0.981561
0.900574
0.691214
0.987978
0.646754
0.870131
0.333581
0.225386
0.286677
0.678112
0.956372
0.101238
0.265311
0.780742
0.604512
0.079829
0.348364
0.956439
0.678924
0.762557
0.946440
0.136564
0.750350
0.642674
0.587844
0.289435
0.472828
0.015536
0.822827
0.666003
0.877590
0.436471
0.305142
0.931466
0.277900
0.411699
0.857498
0.332919
0.870899
0.879440
0.405893
0.195447
0.986451
0.165269
0.030401
0.257260
0.298455
0.732762
0.309099
0.911446
0.314825
0.280518
0.175177
0.533337
0.122863
0.720949
0.728508
0.157382
0.851995
0.803932
0.671025
0.697817
0.181551
0.687031
0.114980
0.258556
0.663664
0.498966
0.554840
0.377885
0.737456
0.867902
0.423219
0.034179
0.307852
# Row 10
0.792892
0.260464
0.084550
0.268979
0.005079
0.523438
0.406788
0.626761
0.803274
0.114713
0.206931
0.067589
0.042246
0.017044
0.784364
0.219717
0.615854
0.923953
0.010393
0.142147
0.103328
0.435112
0.075165
0.073307
0.756133
0.470335
0.844750
0.390903
0.293498
0.799431
0.801738
0.427345
0.973706
0.503435
0.828317
0.995303
0.620377
0.308101
0.543273
0.589108
0.041398
0.860857
0.989388
0.514151
0.993841
0.471165
0.854386
0.073306
0.260528
0.680475
0.218842
0.212344
0.830216
0.366463
0.883643
0.141551
0.759102
0.277365
0.415826
0.745294
0.260285
0.811885
0.146560
0.542632
0.471549
0.150022
0.893107
0.438326
0.320404
0.157419
0.295513
0.013668
0.896549
0.753374
0.449459
0.049763
0.792175
0.088878
0.272953
0.892284
0.343832
0.130166
0.513525
0.087057
0.548477
0.304897
0.934493
0.011217
0.401280
0.227638
0.416945
0.457249
0.362324
0.179794
0.084897
0.899316
0.780459
0.743055
0.164068
0.476204
# Row 11
0.139872
0.557088
0.882685
0.196674
0.531687
0.639454
0.031427
0.035470
0.450048
0.631959
0.738024
0.106677
0.859022
0.052118
0.952195
0.031303
0.040650
0.475667
0.153763
0.654053
0.411058
0.166600
0.919181
0.997277
0.754395
0.130909
0.440910
0.495520
0.975166
0.790756
0.574478
0.250085
0.888296
0.364325
0.877567
0.038448
0.960830
0.766068
0.744715
0.757549
0.575840
0.100842
0.674245
0.662961
0.921997
0.067661
0.927924
0.368520
0.213882
0.284281
0.058728
0.914222
0.638838
0.427754
0.641342
0.006248
0.304732
0.409605
0.900047
0.634162
0.956118
0.583906
0.099065
0.919996
0.338867
0.254430
0.553861
0.135720
0.658336
0.801244
0.904272
0.114060
0.504771
0.400905
0.030466
0.687669
0.151084
0.146982
0.312809
0.629026
0.079824
0.983766
0.161856
0.774448
0.613575
0.105883
0.153247
0.437026
0.329798
0.726375
0.175697
0.822891
0.589042
0.516919
0.673107
0.330895
0.624363
0.733761
0.971795
0.346594
# Row 12
0.687716
0.484242
0.421743
0.336559
0.262184
0.700168
0.440538
0.748649
0.191365
0.869657
0.777462
0.858653
0.191547
0.158338
0.363041
0.344814
0.868861
0.209181
0.879788
0.981262
0.411087
0.148729
0.789129
0.521674
0.239026
0.412825
0.537307
0.088866
0.340074
0.219104
0.302004
0.328183
0.849983
0.404634
0.147412
0.246960
0.858870
0.978398
0.247390
0.213985
0.883529
0.939080
0.786281
0.587517
0.037496
0.523490
0.830137
0.074219
0.538536
0.190288
0.405767
0.281331
0.793957
0.933504
0.962710
0.238041
0.199144
0.352159
0.508454
0.547482
0.853780
0.683463
0.887694
0.546889
0.351527
0.410302
0.762943
0.549564
0.418411
0.267613
0.890390
0.208568
0.577258
0.450810
0.768498
0.958965
0.892469
0.542467
0.867756
0.684492
0.721829
0.356235
0.581520
0.427438
0.868501
0.300569
0.126406
0.469987
0.513602
0.505752
0.675869
0.204322
0.322742
0.368239
0.545091
0.261344
0.491523
0.144326
0.724882
0.658232
# Row 13
0.636566
0.084003
0.155986
0.668325
0.089143
0.414815
0.965012
0.518660
0.625635
0.359166
0.274354
0.327155
0.118036
0.657290
0.929318
0.239873
0.232433
0.647950
0.537565
0.996533
0.695425
0.471434
0.023622
0.007635
0.917733
0.061835
0.602166
0.978009
0.868874
0.210787
0.758957
0.558724
0.072681
0.551246
0.791627
0.992108
0.805131
0.031627
0.451004
0.163835
0.965577
0.547431
0.687604
0.462857
0.430720
0.354713
0.850551
0.836425
0.836029
0.708349
0.513977
0.015934
0.838663
0.614641
0.478542
0.073175
0.754102
0.444648
0.175640
0.879426
0.608679
0.469479
0.405149
0.206188
0.773135
0.715242
0.982967
0.791234
0.427502
0.222401
0.834332
0.752696
0.722367
0.176756
0.418041
0.963449
0.041453
0.067423
0.133692
0.984953
0.709076
0.147081
0.780218
0.631555
0.625144
0.912927
0.883995
0.311180
0.029862
0.000486
0.186280
0.725126
0.108234
0.959522
0.113550
0.957811
0.726809
0.550240
0.194351
0.236684
# Row 14
0.866384
0.912880
0.129704
0.873985
0.466678
0.694398
0.270989
0.936721
0.453079
0.697557
0.263047
0.741108
0.769867
0.101405
0.427279
0.185395
0.725741
0.804382
0.399459
0.463512
0.870815
0.994373
0.612463
0.725198
0.802569
0.951880
0.390996
0.540619
0.652601
0.156384
0.872578
0.503956
0.775789
0.571271
0.308639
0.276699
0.165918
0.123894
0.856779
0.773802
0.002517
0.734951
0.028278
0.871219
0.216222
0.161273
0.985468
0.939270
0.096187
0.539958
0.825866
0.050958
0.382708
0.016774
0.482031
0.886506
0.449512
0.630791
0.498492
0.054440
0.618954
0.648657
0.513949
0.815582
0.234189
0.500020
0.025203
0.459961
0.277406
0.079980
0.889236
0.919203
0.343088
0.440516
0.934716
0.560330
0.998542
0.291476
0.110600
0.603651
0.667407
0.539704
0.356733
0.730674
0.410416
0.594219
0.102423
0.331574
0.434282
0.904100
0.199404
0.510019
0.995433
0.237235
0.594598
0.581286
0.069618
0.381497
0.017530
0.923054
# Row 15
0.798565
0.099928
0.972454
0.863527
0.196380
0.408527
0.914448
0.905393
0.874889
0.195200
0.383466
0.214162
0.930389
0.252900
0.255074
0.563803
0.504161
0.366339
0.029091
0.090113
0.593620
0.842496
0.058444
0.402291
0.236318
0.999243
0.864098
0.135816
0.329307
0.577590
0.685122
0.575606
0.774164
0.791271
0.375854
0.858831
0.873639
0.007815
0.838188
0.693621
0.548109
0.618989
0.722582
0.855731
0.915588
0.022101
0.956087
0.693232
0.592757
0.329299
0.272195
0.863218
0.059444
0.247662
0.791432
0.818811
0.996241
0.841924
0.502354
0.574419
0.393853
0.683199
0.341932
0.807933
0.760575
0.295957
0.297516
0.856645
0.066690
0.201862
0.327934
0.965994
0.384970
0.099116
0.910222
0.734396
0.066851
0.451092
0.095633
0.931518
0.863897
0.645647
0.241576
0.260210
0.622041
0.849324
0.165837
0.583338
0.077843
0.157210
0.639776
0.185977
0.235910
0.833642
0.645228
0.721539
0.747072
0.570886
0.115797
0.168647
# Row 16
0.408399
0.247814
0.370397
0.865923
0.217348
0.649353
0.731731
0.096771
0.509889
0.776738
0.964486
0.758963
0.351456
0.520565
0.930020
0.008143
0.112788
0.631207
0.952104
0.934577
0.711471
0.667698
0.740728
0.983803
0.323427
0.265963
0.700236
0.019770
0.034154
0.984872
0.129232
0.349992
0.302655
0.774383
0.231218
0.273069
0.725431
0.890154
0.228117
0.497164
0.215263
0.744752
0.888370
0.231850
0.729835
0.644526
0.834794
0.633961
0.306402
0.785907
0.425757
0.240076
0.666901
0.964032
0.350268
0.834085
0.667400
0.634150
0.340569
0.058630
0.568907
0.732000
0.284713
0.805305
0.523889
0.738674
0.169964
0.722319
0.902961
0.119243
0.561928
0.912357
0.555914
0.489365
0.033774
0.300829
0.815338
0.702357
0.117468
0.119314
0.842727
0.798654
0.920289
0.245281
0.697097
0.233702
0.704161
0.681993
0.514167
0.578253
0.084431
0.557742
0.237391
0.561393
0.393949
0.617317
0.086120
0.761902
0.455908
0.107917
# Row 17
0.104506
0.823606
0.996406
0.204037
0.759221
0.916895
0.139552
0.039467
0.274572
0.448709
0.502013
0.028031
0.668044
0.159992
0.930828
0.357746
0.813995
0.681229
0.702175
0.375440
0.182230
0.047420
0.266608
0.471478
0.614057
0.323388
0.338209
0.098174
0.881542
0.344024
0.184584
0.672755
0.174761
0.132893
0.487930
0.428885
0.753585
0.093236
0.674301
0.282949
0.039885
0.849933
0.411190
0.606248
0.495922
0.207364
0.268586
0.466498
0.896323
0.139777
0.744663
0.586497
0.543608
0.876824
0.846235
0.520238
0.668203
0.832111
0.761348
0.563386
0.588631
0.457277
0.395128
0.782815
0.159888
0.714219
0.391727
0.496320
0.909552
0.135242
0.919522
0.176936
0.931834
0.792366
0.841210
0.355190
0.787593
0.595599
0.766093
0.796562
0.129450
0.374158
0.932420
0.330472
0.649723
0.118510
0.390352
0.881886
0.927456
0.544464
0.751108
0.828442
0.349787
0.018619
0.988401
0.986772
0.100874
0.608383
0.780882
0.673904
# Row 18
0.175463
0.106021
0.478561
0.136580
0.988679
0.857013
0.474680
0.576616
0.751857
0.896309
0.033205
0.298639
0.777270
0.575246
0.129823
0.582634
0.001816
0.626139
0.733229
0.543343
0.598283
0.555521
0.008706
0.928081
0.718511
0.741079
0.945892
0.860748
0.408932
0.507480
0.878611
0.440398
0.107632
0.414137
0.711332
0.715698
0.002919
0.660650
0.531833
0.390912
0.864527
0.826190
0.763900
0.073940
0.786112
0.545801
0.391257
0.492599
0.965895
0.393641
0.811488
0.812338
0.143539
0.410320
0.006703
0.558212
0.376109
0.864009
0.349398
0.138229
0.322929
0.973930
0.103827
0.186475
0.295065
0.216718
0.594822
0.886094
0.764847
0.263318
0.860031
0.727846
0.407400
0.604232
0.093850
0.334178
0.720681
0.077698
0.250813
0.696379
0.832211
0.147780
0.174989
0.489312
0.817042
0.232070
0.635150
0.740502
0.117927
0.262252
0.701494
0.625131
0.948843
0.100905
0.229986
0.263093
0.678703
0.326462
0.509375
0.227047
# Row 19
0.513145
0.142234
0.761560
0.789979
0.526753
0.937830
0.508780
0.396718
0.532038
0.020558
0.375278
0.226071
0.019272
0.694612
0.673515
0.199478
0.655181
0.666763
0.836019
0.209608
0.609122
0.434202
0.046777
0.400030
0.381257
0.114173
0.157209
0.877519
0.265193
0.122568
0.450760
0.524949
0.092506
0.232105
0.059694
0.488725
0.311383
0.137809
0.803602
0.214879
0.657606
0.541787
0.080397
0.517220
0.922383
0.519866
0.819220
0.385043
0.425555
0.144188
0.725915
0.023073
0.409960
0.868782
0.393891
0.799540
0.406876
0.415332
0.797689
0.337013
0.735200
0.965548
0.168017
0.283102
0.318291
0.531848
0.903054
0.353079
0.390169
0.862350
0.592335
0.943392
0.953200
0.078029
0.210423
0.013825
0.906715
0.143213
0.324876
0.457581
0.032644
0.955357
0.707068
0.893876
0.770644
0.291326
0.938340
0.688853
0.290085
0.566467
0.574382
0.140168
0.446244
0.615971
0.727090
0.641670
0.048211
0.777713
0.808234
0.410995
# Row 20
0.549167
0.989821
0.868804
0.039022
0.957105
0.478011
0.880942
0.871008
0.944915
0.726461
0.317887
0.610561
0.880508
0.646332
0.066605
0.745637
0.695678
0.288358
0.586078
0.517434
0.140529
0.716204
0.032971
0.415904
0.330066
0.157091
0.000232
0.207788
0.461046
0.682820
0.440721
0.543414
0.868241
0.120518
0.118118
0.396335
0.986169
0.836810
0.584986
0.255337
0.399235
0.435639
0.730093
0.792036
0.692522
0.228461
0.564108
0.990482
0.777760
0.811294
0.277876
0.659873
0.362731
0.967169
0.067121
0.210119
0.184536
0.921398
0.581202
0.295826
0.042395
0.243095
0.634089
0.810963
0.877215
0.207310
0.478939
0.018630
0.563940
0.521509
0.162421
0.742806
0.448202
0.056997
0.363349
0.337487
0.288141
0.705022
0.507448
0.029561
0.301204
0.059035
0.614479
0.541887
0.687739
0.184863
0.257006
0.120000
0.860075
0.921066
0.626233
0.077812
0.777453
0.609615
0.147472
0.253294
0.231569
0.815192
0.456516
0.724025
# Row 21
0.680822
0.888277
0.132622
0.314472
0.657815
0.366906
0.130895
0.762818
0.816689
0.414268
0.816902
0.476221
0.114897
0.239472
0.282539
0.051490
0.286800
0.747929
0.821126
0.775984
0.840628
0.282307
0.120790
0.144005
0.050822
0.027361
0.661327
0.661095
0.407658
0.509745
0.686517
0.386696
0.386272
0.190843
0.890423
0.449744
0.197273
0.755676
0.974493
0.217519
0.948195
0.688882
0.577553
0.601838
0.774786
0.709901
0.781328
0.735308
0.467077
0.739839
0.681397
0.671378
0.719151
0.183640
0.072104
0.973636
0.753355
0.340373
0.511473
0.820743
0.917462
0.874496
0.249632
0.213276
0.213026
0.180380
0.265356
0.817336
0.199234
0.605264
0.957358
0.097967
0.521241
0.331842
0.579972
0.504309
0.455894
0.996337
0.950236
0.280057
0.449380
0.081977
0.141532
0.839640
0.067640
0.798054
0.127488
0.815789
0.096025
0.563316
0.661407
0.731623
0.542871
0.657191
0.036958
0.554408
0.933354
0.896795
0.944162
0.063869
# Row 22
0.764609
0.920897
0.032863
0.320906
0.147858
0.408680
0.349173
0.499188
0.133870
0.191740
0.797048
0.779174
0.727945
0.108135
0.678689
0.879306
0.201687
0.739088
0.118436
0.480457
0.630837
0.019450
0.412910
0.296100
0.089501
0.544973
0.666171
0.751458
0.147345
0.151427
0.256592
0.200131
0.111882
0.716608
0.989030
0.757063
0.275443
0.856161
0.161862
0.233493
0.536070
0.233144
0.127004
0.284605
0.512233
0.080412
0.348416
0.826584
0.339571
0.510810
0.030501
0.539735
0.978755
0.545002
0.354931
0.982145
0.160039
0.068465
0.448471
0.518377
0.203228
0.201149
0.824484
0.084996
0.370964
0.654661
0.068798
0.324930
0.205709
0.407362
0.551956
0.022158
0.362168
0.557694
0.472638
0.143752
0.750768
0.146519
0.302868
0.375596
0.655871
0.461706
0.898958
0.439184
0.764677
0.259954
0.050746
0.958620
0.447118
0.134758
0.906318
0.358729
0.949723
0.113876
0.574119
0.506999
0.521582
0.438899
0.766072
0.244703
# Row 23
0.570671
0.333154
0.804392
0.907147
0.274298
0.637589
0.824400
0.621570
0.236998
0.238493
0.922305
0.946282
0.729624
0.742473
0.130240
0.019345
0.259426
0.405230
0.963407
0.203222
0.045730
0.689308
0.341940
0.517863
0.820420
0.325482
0.611871
0.363561
0.976188
0.461988
0.297559
0.952374
0.765660
0.500098
0.937208
0.939225
0.156729
0.893931
0.662055
0.307828
0.297193
0.412814
0.059877
0.099957
0.886999
0.767723
0.749168
0.947410
0.228787
0.746288
0.119472
0.083075
0.285160
0.006737
0.956627
0.970257
0.750191
0.888122
0.463119
0.437880
0.307413
0.206571
0.250382
0.173978
0.839365
0.244740
0.671916
0.182378
0.145070
0.489477
0.786875
0.809519
0.560377
0.131929
0.899684
0.802523
0.938520
0.681584
0.071950
0.559050
0.489560
0.043125
0.011006
0.907988
0.580463
0.110544
0.020806
0.942002
0.423635
0.909958
0.174457
0.273472
0.620043
0.900330
0.905468
0.660004
0.340910
0.564317
0.892147
0.940898
# Row 24
0.925008
0.500305
0.454594
0.228432
0.310282
0.987185
0.928121
0.035344
0.810800
0.327219
0.304970
0.610396
0.672659
0.086685
0.235874
0.956358
0.803461
0.821713
0.594897
0.468452
0.355553
0.686291
0.779175
0.646364
0.067528
0.924950
0.736735
0.079951
0.623965
0.123866
0.090582
0.709122
0.800573
0.966379
0.309164
0.923877
0.919340
0.363164
0.518503
0.253768
0.572825
0.220240
0.569349
0.440183
0.693232
0.801666
0.376315
0.473744
0.673280
0.936243
0.300950
0.487031
0.303453
0.022108
0.626027
0.134959
0.013025
0.478989
0.586037
0.577048
0.107881
0.579745
0.304164
0.343820
0.031940
0.321023
0.617275
0.060567
0.864706
0.543427
0.628973
0.193312
0.356755
0.026036
0.851301
0.042040
0.427813
0.915750
0.615786
0.144081
0.666413
0.031568
0.645060
0.965188
0.512088
0.246022
0.071279
0.287537
0.334972
0.994664
0.013912
0.483129
0.995863
0.719549
0.037588
0.959251
0.942757
0.699302
0.303667
0.441656
# Row 25
0.826312
0.757667
0.113686
0.523501
0.673265
0.041007
0.378256
0.546952
0.098514
0.695220
0.594102
0.533565
0.946317
0.401892
0.390574
0.563517
0.290024
0.415628
0.034033
0.887428
0.377188
0.808526
0.326099
0.693665
0.950169
0.918447
0.675079
0.044866
0.297006
0.625309
0.287222
0.126932
0.366946
0.670260
0.147284
0.849365
0.621416
0.177695
0.920772
0.615858
0.864238
0.246998
0.000846
0.007180
0.812537
0.622430
0.482062
0.334029
0.418241
0.214261
0.914840
0.815836
0.043509
0.586061
0.775836
0.202945
0.224346
0.411912
0.880442
0.305672
0.445401
0.578353
0.617830
0.336174
0.694374
0.810227
0.262639
0.560585
0.493051
0.953836
0.520227
0.242424
0.118926
0.887082
0.407069
0.617897
0.169371
0.242552
0.020087
0.953581
0.890762
0.039162
0.377593
0.012313
0.536957
0.000178
0.441946
0.299427
0.752489
0.884866
0.485400
0.725249
0.741306
0.938064
0.914049
0.137652
0.005481
0.442608
0.501890
0.028309
# Row 26
0.271730
0.985306
0.142292
0.465959
0.996840
0.075393
0.835260
0.468513
0.514051
0.107835
0.786744
0.992461
0.487319
0.781048
0.494692
0.032901
0.243435
0.163620
0.282699
0.921231
0.695540
0.877225
0.366215
0.351428
0.726193
0.808396
0.601530
0.421793
0.912454
0.381232
0.180754
0.649609
0.526193
0.482977
0.756185
0.494496
0.584873
0.417020
0.567611
0.046162
0.944473
0.811024
0.821986
0.718129
0.678043
0.795093
0.755506
0.705923
0.259955
0.315270
0.865458
0.671797
0.944616
0.505858
0.808580
0.304619
0.584628
0.220537
0.452240
0.660001
0.450989
0.242900
0.766120
0.239605
0.198354
0.253484
0.339706
0.738023
0.341888
0.229887
0.692552
0.029466
0.686442
0.771892
0.550729
0.934114
0.360189
0.563308
0.438101
0.385427
0.067402
0.260368
0.272102
0.995695
0.081359
0.002944
0.860804
0.508801
0.368791
0.214727
0.924454
0.948635
0.170528
0.642968
0.366924
0.271241
0.785827
0.703891
0.310055
0.251873
# Row 27
0.225096
0.178807
0.889574
0.068358
0.640460
0.446015
0.960739
0.354071
0.926897
0.548334
0.844259
0.302298
0.847820
0.064633
0.680238
0.014598
0.295335
0.570738
0.175273
0.645165
0.492520
0.300983
0.803535
0.838134
0.806538
0.832348
0.338305
0.462718
0.418981
0.350266
0.880428
0.090274
0.023457
0.475960
0.952328
0.036550
0.448036
0.162446
0.331301
0.010989
0.167972
0.738638
0.897773
0.513013
0.946239
0.502291
0.120184
0.523400
0.758446
0.052747
0.838188
0.828414
0.994897
0.798728
0.643489
0.447313
0.034808
0.275901
0.499044
0.212581
0.332532
0.330166
0.842396
0.070046
0.398117
0.147763
0.550013
0.256662
0.577539
0.090301
0.012667
0.201556
0.502707
0.385114
0.606029
0.946061
0.977026
0.758012
0.907742
0.646499
0.956386
0.921310
0.687596
0.505718
0.073356
0.555328
0.509309
0.362805
0.807785
0.672245
0.462282
0.382469
0.231657
0.419021
0.274070
0.444463
0.129874
0.868157
0.727033
0.198006
# Row 28
0.929568
0.834244
0.756289
0.465685
0.044734
0.429096
0.884863
0.046015
0.074771
0.882749
0.252752
0.654237
0.477121
0.081580
0.619686
0.078329
0.386329
0.543536
0.520096
0.823661
0.772943
0.914968
0.579521
0.927511
0.052649
0.050430
0.674035
0.987267
0.073681
0.858293
0.640950
0.147029
0.461865
0.158889
0.095828
0.101191
0.998902
0.121769
0.246699
0.515265
0.789702
0.503486
0.543416
0.439485
0.756405
0.991916
0.383383
0.745850
0.625414
0.837838
0.692959
0.691105
0.273171
0.495247
0.997906
0.874388
0.618099
0.840364
0.021079
0.986838
0.320166
0.352630
0.038705
0.350405
0.333752
0.342097
0.278950
0.713627
0.890189
0.334992
0.851979
0.653398
0.127637
0.286891
0.806420
0.154403
0.280325
0.600687
0.363212
0.073155
0.857088
0.469709
0.587701
0.703453
0.429211
0.845869
0.330785
0.147045
0.686606
0.115267
0.259696
0.650524
0.064205
0.131430
0.971131
0.130795
0.070106
0.657185
0.249899
0.301275
# Row 29
0.124651
0.063528
0.423859
0.794248
0.234456
0.656878
0.842824
0.507336
0.744875
0.599468
0.850447
0.779976
0.133938
0.661776
0.252282
0.516177
0.804112
0.126667
0.441556
0.740064
0.897023
0.944074
0.711368
0.419122
0.680502
0.619674
0.245737
0.475249
0.244854
0.484044
0.182853
0.375292
0.382389
0.618676
0.526197
0.340588
0.225116
0.266069
0.539739
0.219881
0.672566
0.492657
0.302539
0.253140
0.875432
0.940884
0.969070
0.027135
0.149719
0.951352
0.840791
0.739687
0.107232
0.174127
0.911637
0.691522
0.506221
0.052368
0.117783
0.596279
0.184015
0.549155
0.066060
0.615018
0.342562
0.013309
0.704818
0.896486
0.657190
0.721172
0.857784
0.144102
0.986066
0.983488
0.090831
0.281460
0.518215
0.630071
0.301863
0.486950
0.735199
0.555761
0.196643
0.692499
0.627455
0.971003
0.372949
0.459495
0.830637
0.206268
0.719631
0.965574
0.188257
0.794519
0.836759
0.558433
0.240420
0.038326
0.992062
0.997319
# Row 30
0.148942
0.062252
0.994327
0.539909
0.038867
0.176458
0.236549
0.513285
0.935942
0.219447
0.943700
0.894551
0.757591
0.907504
0.458533
0.821772
0.848083
0.362244
0.773283
0.352656
0.591823
0.198004
0.728376
0.320384
0.775000
0.375489
0.566876
0.827774
0.756375
0.530500
0.274610
0.937439
0.641926
0.495924
0.222501
0.012582
0.602986
0.096151
0.635073
0.136709
0.128639
0.115981
0.865453
0.177864
0.334392
0.257021
0.094118
0.591456
0.762058
0.284996
0.070565
0.593563
0.280364
0.848614
0.771761
0.142551
0.440037
0.287512
0.199507
0.390308
0.737099
0.331739
0.024597
0.195494
0.808127
0.882438
0.906007
0.610465
0.313704
0.022479
0.268497
0.282433
0.681595
0.272193
0.265195
0.659668
0.578170
0.630042
0.939546
0.117830
0.881760
0.637550
0.042855
0.362989
0.550110
0.114480
0.072374
0.110200
0.438697
0.121769
0.336180
0.354263
0.248657
0.439752
0.894001
0.957409
0.101623
0.476680
0.189698
0.582800
# Row 31
0.071321
0.142319
0.906461
0.649282
0.493787
0.193754
0.818356
0.308596
0.253214
0.761458
0.162980
0.928813
0.050449
0.834798
0.754323
0.075339
0.035951
0.084675
0.830125
0.022087
0.086530
0.449734
0.574895
0.799909
0.461667
0.850118
0.672315
0.237026
0.954782
0.423071
0.865937
0.297736
0.899959
0.017566
0.795268
0.852381
0.275835
0.825992
0.728652
0.275303
0.514209
0.970595
0.841418
0.570926
0.648226
0.367585
0.447004
0.064228
0.878633
0.044716
0.843000
0.694602
0.079534
0.336627
0.898954
0.145801
0.868498
0.589768
0.107500
0.094388
0.618995
0.504384
0.916749
0.820478
0.763382
0.369584
0.835288
0.993986
0.317488
0.819299
0.079808
0.213784
0.226948
0.477896
0.650782
0.563914
0.692524
0.865975
0.358330
0.178217
0.456594
0.106716
0.866107
0.331427
0.333903
0.483781
0.616562
0.550181
0.332488
0.441865
0.090221
0.451696
0.149933
0.644454
0.231741
0.651602
0.837861
0.680066
0.746631
0.956972
# Row 32
0.024642
0.673454
0.988045
0.887849
0.371070
0.663003
0.169296
0.203020
0.333135
0.166417
0.964448
0.786701
0.824842
0.905953
0.208989
0.865855
0.845309
0.499913
0.351216
0.847524
0.469207
0.862094
0.701363
0.006908
0.037339
0.664801
0.001813
0.125519
0.742053
0.108304
0.723115
0.920979
0.725889
0.260842
0.055363
0.562758
0.024832
0.764259
0.294141
0.708920
0.241769
0.882823
0.149320
0.695953
0.360856
0.863839
0.071233
0.775757
0.067723
0.801299
0.582872
0.520256
0.859740
0.586363
0.622826
0.745003
0.979348
0.795161
0.288646
0.969104
0.223933
0.224860
0.074501
0.601207
0.248600
0.228589
0.623602
0.682005
0.431915
0.519599
0.271394
0.225313
0.396141
0.981549
0.799599
0.475332
0.117526
0.517294
0.116347
0.871215
0.311754
0.640860
0.239898
0.205615
0.596007
0.429902
0.411605
0.546897
0.301345
0.437921
0.269968
0.520476
0.804733
0.061646
0.357025
0.709875
0.764532
0.779595
0.329275
0.329266
# Row 33
0.650253
0.248862
0.839246
0.164163
0.758590
0.860284
0.325292
0.693637
0.383116
0.414528
0.783929
0.554803
0.662531
0.766147
0.841798
0.237677
0.658113
0.777773
0.137149
0.396017
0.519349
0.686456
0.660611
0.107931
0.879936
0.978407
0.492195
0.140336
0.404974
0.332476
0.459196
0.975498
0.282905
0.877499
0.984502
0.398603
0.349229
0.430841
0.606199
0.565622
0.948265
0.077235
0.840110
0.054529
0.917109
0.206243
0.692732
0.724533
0.623728
0.266786
0.882002
0.682528
0.547927
0.097381
0.809339
0.089037
0.777282
0.845619
0.373882
0.373841
0.145419
0.560418
0.606879
0.011197
0.790944
0.401696
0.812364
0.803493
0.213629
0.705860
0.864140
0.508670
0.580014
0.529183
0.666280
0.129433
0.041409
0.687561
0.625803
0.660624
0.209502
0.158818
0.605727
0.105225
0.052642
0.216701
0.971463
0.049885
0.271816
0.043781
0.463687
0.608968
0.459772
0.308926
0.129722
0.563812
0.888393
0.294894
0.029492
0.643633
# Row 34
0.785029
0.389416
0.960953
0.109618
0.202869
0.891215
0.786099
0.747838
0.646691
0.178551
0.798134
0.574235
0.144506
0.905545
0.872106
0.671070
0.447034
0.359874
0.257235
0.664493
0.057967
0.779120
0.874589
0.113701
0.244084
0.892487
0.906975
0.100311
0.519178
0.355723
0.540348
0.309634
0.141083
0.971529
0.622286
0.001743
0.286893
0.542661
0.130785
0.238260
0.985552
0.063318
0.036722
0.210140
0.875707
0.404572
0.939626
0.292392
0.034128
0.145775
0.756027
0.714367
0.678649
0.215708
0.442874
0.300168
0.509822
0.270140
0.898481
0.314913
0.916121
0.497337
0.656825
0.901445
0.655135
0.826583
0.087160
0.151898
0.942828
0.349146
0.542682
0.412977
0.967464
0.444142
0.235080
0.747407
0.605475
0.446977
0.715246
0.481741
0.792477
0.284567
0.336283
0.768221
0.411407
0.923969
0.288347
0.022036
0.346666
0.599950
0.004211
0.801963
0.241963
0.978159
0.421148
0.159534
0.542027
0.815654
0.683316
0.057813
# Row 35
0.224250
0.456815
0.017118
0.164244
0.693837
0.072902
0.300648
0.052359
0.161122
0.856254
0.071443
0.644402
0.306731
0.119485
0.621262
0.021849
0.611584
0.145610
0.362824
0.594560
0.654839
0.672384
0.724566
0.013978
0.312415
0.574030
0.542064
0.243730
0.798434
0.892740
0.828347
0.355542
0.136755
0.152957
0.182529
0.033179
0.012611
0.411413
0.152998
0.466688
0.196466
0.818667
0.026540
0.468558
0.342746
0.422513
0.640555
0.798157
0.012520
0.374947
0.486909
0.037288
0.146973
0.722601
0.121468
0.004833
0.901241
0.191766
0.444313
0.859715
0.037734
0.214901
0.956606
0.337077
0.854176
0.293035
0.518884
0.251292
0.592392
0.320665
0.272812
0.630732
0.225436
0.905010
0.288318
0.913118
0.567213
0.943981
0.657389
0.207351
0.482790
0.756641
0.375041
0.039428
0.119496
0.121643
0.580237
0.458119
0.127378
0.424119
0.931375
0.233179
0.719414
0.256300
0.871901
0.878110
0.641831
0.794130
0.814370
0.754676
# Row 36
0.016102
0.878965
0.301644
0.841899
0.987699
0.283772
0.660903
0.293192
0.911830
0.216062
0.671707
0.467275
0.740465
0.799839
0.148841
0.147860
0.493560
0.446536
0.872238
0.500648
0.424078
0.546143
0.961504
0.431626
0.272994
0.426155
0.025963
0.275952
0.986805
0.694782
0.360377
0.670857
0.394173
0.828993
0.192466
0.448255
0.646325
0.625708
0.814941
0.963229
0.081995
0.110172
0.099030
0.383918
0.524404
0.908724
0.838720
0.677817
0.625494
0.429291
0.018315
0.801113
0.590089
0.452976
0.037040
0.533838
0.616495
0.690595
0.222705
0.497618
0.435254
0.281243
0.384752
0.778297
0.997266
0.153761
0.410989
0.777265
0.317478
0.199816
0.921051
0.097813
0.710039
0.648283
0.125107
0.492062
0.722588
0.229469
0.373781
0.846216
0.386793
0.284820
0.453010
0.453913
0.422863
0.039012
0.707001
0.146996
0.569434
0.698427
0.248252
0.338050
0.636757
0.780133
0.223338
0.438547
0.408525
0.281471
0.687769
0.099692
# Row 37
0.432146
0.660723
0.646559
0.070104
0.652982
0.568136
0.236336
0.356099
0.957471
0.313595
0.560003
0.627639
0.013633
0.917751
0.989555
0.148124
0.433795
0.518494
0.682962
0.771457
0.660345
0.910797
0.926765
0.988516
0.095679
0.117505
0.729799
0.501073
0.695360
0.419295
0.821097
0.128647
0.429891
0.027474
0.015514
0.927950
0.934825
0.142369
0.425972
0.530995
0.128372
0.097743
0.546693
0.832985
0.225923
0.508153
0.085652
0.121635
0.145500
0.187505
0.068208
0.513183
0.828840
0.234775
0.102031
0.515153
0.129585
0.244315
0.423715
0.680720
0.100760
0.516043
0.030665
0.553805
0.284639
0.353729
0.631984
0.467642
0.833376
0.751539
0.576119
0.683418
0.410893
0.699840
0.281240
0.910765
0.115883
0.976165
0.910033
0.400432
0.471110
0.127371
0.200173
0.643839
0.522197
0.660828
0.044848
0.747665
0.534667
0.528297
0.876970
0.907841
0.754141
0.353755
0.362014
0.110765
0.362499
0.589365
0.766638
0.405335
# Row 38
0.611599
0.711059
0.515497
0.373015
0.213374
0.531684
0.452128
0.971062
0.306156
0.825532
0.709795
0.823049
0.675609
0.349461
0.606162
0.508527
0.686477
0.404215
0.786183
0.078191
0.458218
0.712247
0.838415
0.151086
0.901722
0.268182
0.641768
0.685578
0.111613
0.133487
0.806602
0.146122
0.393503
0.852043
0.252992
0.993854
0.590373
0.227930
0.420247
0.532139
0.877451
0.866050
0.978529
0.350162
0.419205
0.881405
0.572345
0.281197
0.152177
0.050276
0.876113
0.670311
0.978127
0.938711
0.596813
0.212839
0.156435
0.998188
0.483645
0.954425
0.084036
0.578839
0.568599
0.650759
0.684554
0.356047
0.886991
0.376010
0.613180
0.891476
0.638478
0.489711
0.565719
0.314914
0.925214
0.159348
0.382716
0.294707
0.826044
0.067700
0.914409
0.203636
0.068550
0.578222
0.889409
0.341080
0.082068
0.997314
0.267361
0.164048
0.845248
0.058448
0.789649
0.147632
0.975377
0.900059
0.036629
0.343727
0.690494
0.547320
# Row 39
0.197362
0.155267
0.059561
0.808869
0.728855
0.776970
0.743909
0.025004
0.975008
0.173776
0.831292
0.856503
0.807617
0.141309
0.431742
0.276063
0.197766
0.701090
0.204728
0.751311
0.908707
0.874661
0.635642
0.813747
0.882103
0.318766
0.595406
0.456924
0.357486
0.717396
0.872008
0.155285
0.887341
0.560496
0.032240
0.438662
0.582938
0.603882
0.184212
0.483406
0.622448
0.026351
0.197681
0.817060
0.074818
0.969712
0.384564
0.097402
0.820179
0.672732
0.933781
0.777626
0.988301
0.963657
0.873708
0.956524
0.176792
0.146467
0.545866
0.626052
0.364782
0.757494
0.512225
0.049135
0.098000
0.751218
0.185699
0.949333
0.207994
0.132195
0.922509
0.282946
0.140399
0.135342
0.702484
0.445838
0.331380
0.785586
0.158577
0.084870
0.992531
0.072564
0.612721
0.121112
0.975633
0.354427
0.897281
0.923390
0.000862
0.770325
0.258911
0.711289
0.684610
0.972956
0.176479
0.522042
0.313324
0.985362
0.802267
0.392216
# Row 40
0.823300
0.300309
0.234002
0.619506
0.686734
0.852070
0.426060
0.060000
0.423326
0.340818
0.185882
0.749965
0.884262
0.736431
0.013899
0.727405
0.749413
0.054042
0.123070
0.666822
0.375246
0.616745
0.611218
0.870637
0.094572
0.705493
0.702982
0.713502
0.742067
0.462157
0.178417
0.882283
0.832214
0.144365
0.465516
0.656999
0.797401
0.830922
0.500549
0.138746
0.680177
0.711177
0.912747
0.242996
0.920055
0.442592
0.631161
0.574302
0.464669
0.276090
0.857352
0.005781
0.528733
0.791795
0.916815
0.068928
0.411385
0.987774
0.666847
0.671856
0.930456
0.965963
0.474032
0.403349
0.136532
0.673022
0.809090
0.833065
0.003995
0.705400
0.971832
0.012303
0.062315
0.468945
0.539018
0.433200
0.308552
0.401253
0.710759
0.275794
0.939379
0.192417
0.657458
0.011485
0.244070
0.165467
0.283190
0.628140
0.523012
0.155524
0.019888
0.576985
0.831924
0.326503
0.549966
0.335940
0.220385
0.621157
0.876350
0.449920
# Row 41
0.533381
0.705589
0.274787
0.398584
0.702890
0.859471
0.183308
0.399000
0.278102
0.810501
0.520544
0.658755
0.060622
0.813769
0.744034
0.928337
0.536089
0.647341
0.830681
0.875380
0.065333
0.713511
0.406200
0.623150
0.833871
0.195505
0.293879
0.207806
0.503663
0.582463
0.573659
0.050364
0.589340
0.717022
0.821819
0.287490
0.344247
0.481612
0.973974
0.828428
0.519544
0.978658
0.357450
0.812294
0.710272
0.499345
0.964081
0.130013
0.161873
0.153661
0.275149
0.388522
0.243337
0.955460
0.653527
0.061988
0.241461
0.639756
0.934351
0.167101
0.464967
0.020949
0.778051
0.078944
0.716243
0.280958
0.204672
0.672876
0.168892
0.972095
0.565869
0.829707
0.336013
0.513023
0.793244
0.109755
0.710219
0.595258
0.804784
0.610697
0.462949
0.765807
0.373934
0.339497
0.296857
0.837854
0.940401
0.905673
0.718450
0.050547
0.843287
0.678211
0.034099
0.661358
0.313950
0.328273
0.744763
0.036058
0.509524
0.632172
# Row 42
0.524985
0.193779
0.582876
0.651977
0.999785
0.075035
0.658572
0.703374
0.287119
0.701896
0.958114
0.511488
0.039512
0.580181
0.735083
0.435241
0.110826
0.607656
0.139074
0.790225
0.185041
0.869542
0.326590
0.940241
0.754078
0.758480
0.730659
0.670506
0.819619
0.101476
0.245363
0.253660
0.046365
0.427824
0.486228
0.816190
0.816150
0.201835
0.265274
0.991600
0.556679
0.070195
0.936217
0.181945
0.756679
0.749499
0.489874
0.956300
0.470066
0.683930
0.834222
0.498979
0.672773
0.631040
0.903126
0.528163
0.212692
0.745379
0.380646
0.573974
0.009340
0.901351
0.385641
0.911405
0.667111
0.069766
0.368604
0.156156
0.394316
0.694236
0.366990
0.559063
0.527471
0.626816
0.237582
0.276803
0.582782
0.215487
0.328607
0.393094
0.458619
0.293366
0.517433
0.646205
0.636443
0.820649
0.571968
0.756610
0.243573
0.760519
0.298596
0.904970
0.998073
0.930707
0.023213
0.387844
0.030624
0.329499
0.174007
0.269744
# Row 43
0.625345
0.071100
0.358042
0.089205
0.124281
0.128226
0.563989
0.387837
0.759680
0.632981
0.399684
0.179829
0.503590
0.359722
0.457479
0.020897
0.223058
0.050366
0.567914
0.266338
0.396812
0.553805
0.381255
0.514694
0.359417
0.962760
0.138556
0.344036
0.793250
0.435162
0.843426
0.880239
0.867119
0.590117
0.210597
0.749560
0.730980
0.943690
0.588243
0.710885
0.805115
0.985441
0.571971
0.026074
0.563542
0.147156
0.746365
0.090701
0.997815
0.050064
0.105298
0.333337
0.179104
0.271524
0.368050
0.111354
0.912288
0.197628
0.981271
0.637557
0.322432
0.840935
0.886279
0.607862
0.836340
0.335001
0.650112
0.549701
0.752939
0.967165
0.772681
0.248028
0.847089
0.391860
0.560435
0.345991
0.961403
0.157482
0.021163
0.166015
0.627114
0.975380
0.610072
0.400596
0.563416
0.620193
0.122492
0.917426
0.658815
0.852450
0.564862
0.988061
0.289388
0.938740
0.877632
0.651435
0.707558
0.869077
0.069066
0.171830
# Row 44
0.698963
0.158103
0.738470
0.044924
0.790276
0.605092
0.415069
0.285220
0.361923
0.781317
0.361623
0.724232
0.018608
0.532015
0.940178
0.332533
0.268197
0.909313
0.714359
0.612060
0.804268
0.692911
0.774799
0.490496
0.656326
0.773844
0.381207
0.880213
0.919235
0.955287
0.678960
0.774037
0.282766
0.211160
0.685679
0.963299
0.814470
0.701576
0.873095
0.845419
0.393645
0.203145
0.863571
0.394151
0.418276
0.416443
0.094189
0.892074
0.306115
0.473034
0.802661
0.058658
0.359019
0.006174
0.589862
0.475971
0.558191
0.264375
0.798165
0.835867
0.186832
0.842597
0.400614
0.266206
0.043972
0.854808
0.364135
0.488599
0.705056
0.462469
0.074447
0.606468
0.415417
0.060281
0.388082
0.100535
0.964532
0.573011
0.908248
0.940390
0.302321
0.970719
0.819390
0.317595
0.822528
0.515216
0.916769
0.220284
0.578935
0.424740
0.641673
0.144619
0.222936
0.618807
0.992730
0.558582
0.988649
0.278859
0.095060
0.072785
# Row 45
0.515515
0.946190
0.140538
0.546318
0.927438
0.355743
0.986442
0.868832
0.199361
0.767467
0.241274
0.859293
0.082252
0.066422
0.454041
0.444102
0.449372
0.734571
0.538079
0.000106
0.922329
0.092953
0.737253
0.839547
0.664413
0.129778
0.918753
0.282994
0.749372
0.190888
0.343490
0.512304
0.061967
0.752363
0.116308
0.458504
0.126822
0.125032
0.500878
0.790047
0.036495
0.976876
0.148452
0.696285
0.028957
0.987264
0.938927
0.571303
0.597292
0.267481
0.673381
0.996818
0.977298
0.661860
0.848911
0.093029
0.706594
0.965051
0.451995
0.486729
0.764818
0.001571
0.341474
0.861197
0.749734
0.477175
0.775551
0.467316
0.107709
0.356817
0.841088
0.645772
0.686606
0.095953
0.543014
0.532261
0.709964
0.460720
0.635265
0.778413
0.657279
0.544449
0.653764
0.548008
0.777793
0.314286
0.231045
0.859357
0.944494
0.009883
0.519055
0.799072
0.978900
0.638921
0.262054
0.379376
0.231941
0.860126
0.789525
0.140615
# Row 46
0.205899
0.667525
0.436534
0.693375
0.039549
0.459795
0.846287
0.571879
0.273669
0.530814
0.420050
0.244087
0.065688
0.503207
0.209565
0.246621
0.857189
0.262073
0.606141
0.927498
0.921056
0.063686
0.781512
0.570491
0.559416
0.491435
0.444026
0.016052
0.400150
0.122203
0.758841
0.700320
0.988013
0.229838
0.364529
0.111343
0.003617
0.683026
0.126035
0.456570
0.115260
0.753216
0.373706
0.184926
0.898390
0.710076
0.871402
0.387768
0.997218
0.489031
0.068242
0.884019
0.882436
0.024873
0.455904
0.484491
0.136246
0.980144
0.167488
0.928319
0.207021
0.995449
0.608641
0.830539
0.385197
0.455097
0.654097
0.604779
0.301839
0.315345
0.223071
0.300220
0.312174
0.269249
0.268519
0.079140
0.546944
0.422750
0.984487
0.263192
0.371433
0.497798
0.412203
0.486162
0.240308
0.142103
0.371983
0.142108
0.059069
0.259576
0.480158
0.534899
0.821001
0.943938
0.847044
0.583364
0.471347
0.929612
0.265622
0.671059
# Row 47
0.225311
0.813479
0.366158
0.947499
0.329084
0.258796
0.357856
0.675372
0.976808
0.094469
0.836221
0.803383
0.583201
0.560597
0.388728
0.945078
0.241212
0.831946
0.769257
0.119078
0.174616
0.547615
0.574486
0.605035
0.613058
0.076161
0.186886
0.882318
0.385869
0.104878
0.246269
0.025644
0.843544
0.329543
0.775192
0.954847
0.492414
0.272125
0.966157
0.286669
0.067580
0.819611
0.397065
0.067361
0.098229
0.973914
0.385185
0.619216
0.342921
0.562945
0.331808
0.995645
0.623456
0.584276
0.215535
0.882547
0.475427
0.248819
0.030732
0.123462
0.900974
0.241699
0.561197
0.688047
0.171865
0.815809
0.752657
0.794118
0.734390
0.940604
0.379714
0.869614
0.535273
0.220683
0.174701
0.080105
0.571622
0.817064
0.032206
0.617873
0.797850
0.306080
0.961399
0.859038
0.156306
0.719380
0.719654
0.745045
0.972407
0.862013
0.319177
0.374151
0.133495
0.108213
0.100541
0.227959
0.795824
0.945878
0.763373
0.778884
# Row 48
0.106623
0.566338
0.538232
0.388619
0.936609
0.276721
0.681468
0.517640
0.569469
0.714679
0.236063
0.814890
0.943493
0.051655
0.788850
0.778595
0.469881
0.129136
0.983924
0.398289
0.823171
0.845853
0.242420
0.669458
0.901245
0.931829
0.362188
0.671526
0.452659
0.352258
0.002516
0.213387
0.563213
0.090703
0.027165
0.965365
0.255365
0.593099
0.015080
0.739790
0.184964
0.103093
0.136831
0.772517
0.699884
0.892568
0.923706
0.753553
0.062270
0.661635
0.066392
0.105719
0.216623
0.338465
0.315130
0.906243
0.223900
0.105068
0.310324
0.567792
0.069766
0.680353
0.951925
0.264151
0.513401
0.941789
0.870840
0.313406
0.570727
0.612736
0.052628
0.670571
0.049057
0.500640
0.492327
0.075424
0.774101
0.174011
0.442184
0.633482
0.107844
0.811240
0.817080
0.953128
0.458272
0.555405
0.314578
0.834882
0.468416
0.145310
0.909768
0.715284
0.760222
0.958850
0.424688
0.054257
0.643735
0.260747
0.626362
0.957922
# Row 49
0.307696
0.268717
0.757861
0.026254
0.235636
0.281847
0.987838
0.574874
0.071792
0.209557
0.113397
0.511386
0.851694
0.321892
0.059779
0.648502
0.449152
0.350481
0.582067
0.648656
0.638976
0.408448
0.836084
0.048767
0.275327
0.786523
0.598007
0.480260
0.509782
0.007046
0.278291
0.740638
0.569510
0.578318
0.101748
0.391080
0.561235
0.455548
0.971618
0.043047
0.815739
0.063666
0.363863
0.089458
0.023606
0.919317
0.824626
0.857007
0.496761
0.967984
0.187632
0.670794
0.311470
0.056447
0.861479
0.186151
0.414178
0.835431
0.534351
0.251776
0.397359
0.442636
0.434113
0.109889
0.052107
0.678439
0.096324
0.640624
0.779289
0.946895
0.116180
0.737531
0.871448
0.900591
0.980295
0.517484
0.771561
0.672141
0.131455
0.571141
0.958033
0.486315
0.458025
0.639166
0.712502
0.778812
0.416474
0.135544
0.890283
0.170535
0.690883
0.653717
0.953304
0.495011
0.320485
0.695845
0.040612
0.802434
0.441810
0.212830
# Row 50
0.168897
0.883275
0.505359
0.375953
0.779770
0.399688
0.050670
0.203911
0.614766
0.481909
0.823938
0.016034
0.214354
0.453033
0.367979
0.088643
0.442935
0.767956
0.827367
0.662480
0.155191
0.885710
0.917171
0.531185
0.085777
0.499188
0.080261
0.670900
0.987862
0.698362
0.287028
0.726687
0.018139
0.384137
0.647160
0.020782
0.996562
0.737145
0.643584
0.099573
0.916225
0.202015
0.954502
0.589910
0.478588
0.211297
0.294760
0.331106
0.345962
0.448484
0.729466
0.817287
0.679170
0.556169
0.441181
0.997023
0.634083
0.818582
0.870303
0.395203
0.174956
0.988635
0.603080
0.448571
0.501910
0.354723
0.912388
0.374276
0.839366
0.634097
0.725880
0.954061
0.374828
0.885533
0.220028
0.339706
0.934153
0.417721
0.635989
0.533114
0.019709
0.460374
0.156114
0.122622
0.188906
0.007294
0.343551
0.362022
0.308042
0.844797
0.260067
0.847355
0.953843
0.971069
0.670323
0.106241
0.454288
0.783708
0.899060
0.983597
# Row 51
0.641130
0.971168
0.818567
0.044767
0.036982
0.661955
0.948331
0.471839
0.706117
0.251629
0.790758
0.391226
0.474370
0.396070
0.803485
0.921152
0.362235
0.899872
0.020147
0.787780
0.396877
0.876316
0.430981
0.340262
0.071932
0.361353
0.178618
0.550490
0.535439
0.044742
0.222592
0.856069
0.610955
0.469404
0.891013
0.878565
0.327769
0.742842
0.135424
0.398140
0.164334
0.815726
0.004016
0.904982
0.433876
0.791478
0.971170
0.383401
0.479904
0.631732
0.132897
0.162225
0.747639
0.376100
0.676592
0.022137
0.578746
0.476912
0.440859
0.764452
0.293042
0.701900
0.231778
0.984603
0.901875
0.937620
0.993424
0.366165
0.601636
0.056372
0.033559
0.816937
0.058600
0.228166
0.574244
0.747539
0.782087
0.870871
0.678539
0.675752
0.534373
0.055800
0.548909
0.697788
0.513163
0.108096
0.703502
0.662671
0.814592
0.362185
0.219787
0.720566
0.618262
0.319041
0.150539
0.283276
0.385668
0.586152
0.127598
0.969115
# Row 52
0.712615
0.010797
0.790055
0.329297
0.985849
0.906031
0.924405
0.733962
0.653528
0.545696
0.456887
0.788594
0.295637
0.514549
0.767872
0.752232
0.169552
0.652643
0.233082
0.224345
0.981277
0.355305
0.668087
0.585199
0.096233
0.773071
0.145460
0.433060
0.634696
0.907013
0.855969
0.319457
0.104075
0.886812
0.636899
0.090423
0.689382
0.540213
0.036185
0.887174
0.668642
0.167294
0.317358
0.524642
0.834083
0.690859
0.337731
0.372146
0.303201
0.800795
0.403971
0.718909
0.794844
0.596186
0.881758
0.770919
0.751094
0.571107
0.819109
0.137716
0.610782
0.620457
0.148924
0.812044
0.918007
0.358822
0.131135
0.996209
0.690117
0.261708
0.747500
0.601560
0.813586
0.533520
0.394653
0.147402
0.000380
0.775288
0.758654
0.059081
0.667338
0.327540
0.475350
0.849015
0.720346
0.976014
0.566775
0.336430
0.685538
0.671561
0.629131
0.289837
0.561112
0.187948
0.970408
0.669517
0.623837
0.645121
0.946035
0.904949
# Row 53
0.749879
0.499308
0.413302
0.404229
0.464551
0.649272
0.766520
0.189794
0.362402
0.449741
0.375269
0.258358
0.008110
0.643936
0.331004
0.935005
0.288649
0.028153
0.319020
0.234161
0.114906
0.309114
0.733131
0.547053
0.621168
0.391539
0.101805
0.979926
0.666773
0.786974
0.713043
0.394204
0.666720
0.028708
0.429651
0.813929
0.056617
0.740925
0.949021
0.922933
0.099174
0.187550
0.757194
0.070515
0.160193
0.828141
0.284158
0.626853
0.995264
0.260444
0.017510
0.905512
0.295801
0.323607
0.759330
0.818387
0.624704
0.479653
0.704100
0.207017
0.635682
0.556608
0.414511
0.552826
0.902266
0.713014
0.121078
0.797622
0.897140
0.024674
0.567586
0.985069
0.351859
0.369963
0.067834
0.685430
0.911935
0.535360
0.683104
0.901270
0.281216
0.428921
0.830887
0.723752
0.849243
0.492837
0.003011
0.160775
0.620733
0.379271
0.118330
0.673174
0.450497
0.494106
0.827208
0.308136
0.541100
0.434654
0.491223
0.324714
# Row 54
0.623661
0.728778
0.703845
0.670674
0.531770
0.719030
0.921474
0.039082
0.140028
0.286694
0.817599
0.843956
0.095937
0.252928
0.337208
0.784582
0.978350
0.369255
0.548740
0.585728
0.597566
0.474527
0.404308
0.515015
0.069160
0.573210
0.516612
0.788257
0.082173
0.718707
0.336762
0.518940
0.806363
0.869718
0.418237
0.379699
0.085416
0.546908
0.228645
0.192977
0.713718
0.636890
0.626051
0.717020
0.542196
0.071645
0.257004
0.544346
0.080550
0.120572
0.818369
0.276170
0.913867
0.451711
0.117629
0.611646
0.214090
0.996029
0.881989
0.219609
0.562252
0.547624
0.224604
0.907908
0.195044
0.282254
0.948412
0.726970
0.216577
0.321559
0.529767
0.936234
0.668535
0.721011
0.703484
0.811543
0.103059
0.942017
0.299624
0.805900
0.254324
0.874275
0.044825
0.713414
0.936747
0.710674
0.824963
0.985569
0.618187
0.616654
0.752245
0.859554
0.511386
0.867366
0.832380
0.270295
0.110626
0.403391
0.083401
0.811760
# Row 55
0.065415
0.048864
0.317089
0.110317
0.149568
0.679993
0.110281
0.585306
0.950878
0.678093
0.622859
0.552144
0.200485
0.066044
0.171670
0.214305
0.386889
0.842644
0.857623
0.176247
0.290363
0.493678
0.032562
0.464203
0.240421
0.284943
0.152209
0.580703
0.481201
0.310251
0.213575
0.147499
0.844607
0.971140
0.844890
0.156434
0.624258
0.465129
0.481719
0.585676
0.838313
0.331769
0.405854
0.127200
0.017985
0.292077
0.678458
0.378515
0.890697
0.674444
0.803419
0.086329
0.300609
0.071623
0.901822
0.791373
0.960534
0.457361
0.057743
0.552171
0.022600
0.511855
0.556387
0.751652
0.432522
0.082062
0.927979
0.385580
0.864732
0.521444
0.938269
0.657638
0.071386
0.614936
0.035288
0.265251
0.394247
0.165322
0.831855
0.945998
0.239490
0.379121
0.236789
0.800525
0.584591
0.491275
0.060800
0.638704
0.234799
0.671974
0.734495
0.276340
0.063498
0.994803
0.057885
0.895749
0.923417
0.957991
0.228465
0.471252
# Row 56
0.199664
0.849980
0.296692
0.936993
0.064563
0.763037
0.404849
0.467040
0.690043
0.675619
0.862558
0.564594
0.855712
0.152973
0.187213
0.877144
0.267776
0.528921
0.531147
0.916934
0.261791
0.118243
0.473452
0.461278
0.515049
0.022868
0.470020
0.015572
0.634674
0.405713
0.530812
0.664805
0.535667
0.948992
0.081910
0.128710
0.977872
0.340032
0.827981
0.224018
0.418889
0.553737
0.567978
0.967799
0.966183
0.958996
0.845911
0.612280
0.009090
0.664496
0.505154
0.258327
0.491214
0.350903
0.327962
0.766961
0.485051
0.190493
0.103724
0.281495
0.071059
0.426579
0.505177
0.233472
0.648215
0.134046
0.839656
0.570430
0.936048
0.484760
0.063919
0.590155
0.620978
0.139329
0.840721
0.062682
0.982379
0.836721
0.010819
0.776662
0.864111
0.778634
0.746294
0.660254
0.071568
0.444533
0.133909
0.738406
0.036646
0.230194
0.757775
0.328991
0.346023
0.997053
0.459025
0.621041
0.242104
0.737023
0.249908
0.581131
# Row 57
0.329711
0.098721
0.956995
0.601402
0.631644
0.252789
0.622835
0.427965
0.587742
0.278469
0.769844
0.325158
0.167784
0.978628
0.040542
0.663943
0.629834
0.339532
0.393165
0.836464
0.591547
0.073870
0.323439
0.649276
0.560022
0.165666
0.577031
0.831187
0.281434
0.684032
0.541107
0.594949
0.698578
0.475251
0.189242
0.042811
0.744356
0.571014
0.785851
0.722254
0.032022
0.172009
0.922408
0.578931
0.936680
0.053295
0.198491
0.568368
0.883209
0.879509
0.520323
0.066270
0.477797
0.668019
0.564903
0.140133
0.635881
0.966376
0.149255
0.533455
0.089127
0.952225
0.705152
0.580150
0.696700
0.870111
0.646258
0.063314
0.268243
0.007071
0.436597
0.502434
0.132652
0.809621
0.639266
0.380259
0.290774
0.056743
0.108226
0.179309
0.582854
0.040066
0.952717
0.703348
0.122062
0.042860
0.575474
0.316871
0.111177
0.648339
0.287609
0.391908
0.715979
0.405524
0.013174
0.243265
0.639734
0.513484
0.896372
0.138152
# Row 58
0.480151
0.593776
0.148797
0.952207
0.483149
0.463564
0.860609
0.720003
0.394764
0.521051
0.339004
0.593559
0.289687
0.848999
0.623717
0.617369
0.386454
0.135363
0.409573
0.683452
0.387666
0.722076
0.630595
0.116424
0.079237
0.509250
0.332102
0.518379
0.134248
0.563368
0.283076
0.878968
0.971233
0.371173
0.620448
0.020805
0.368553
0.027956
0.932443
0.337736
0.418913
0.797853
0.795696
0.518290
0.482197
0.497900
0.299306
0.693571
0.549884
0.866181
0.390502
0.763773
0.937727
0.322058
0.536331
0.736658
0.370713
0.423657
0.741995
0.841572
0.289055
0.500387
0.130747
0.191552
0.888066
0.777923
0.256982
0.471837
0.887893
0.227052
0.981259
0.794530
0.019428
0.028824
0.924020
0.625580
0.496298
0.145166
0.277940
0.851831
0.433944
0.970496
0.593997
0.293102
0.967849
0.385687
0.263853
0.598646
0.234424
0.976379
0.954171
0.710525
0.008577
0.464002
0.563644
0.281239
0.568303
0.046601
0.180209
0.342314
# Row 59
0.783684
0.889937
0.526977
0.518394
0.838370
0.245079
0.966555
0.442088
0.797208
0.910414
0.953691
0.163396
0.173331
0.082760
0.007559
0.069671
0.039146
0.148690
0.642707
0.584081
0.213771
0.013776
0.030105
0.029271
0.868241
0.030128
0.438195
0.005972
0.070854
0.102889
0.163038
0.311814
0.478461
0.791619
0.834171
0.322372
0.523091
0.095474
0.769529
0.273889
0.083359
0.560301
0.742668
0.565269
0.130785
0.575354
0.865567
0.966423
0.144896
0.456918
0.730809
0.052233
0.968239
0.631189
0.901111
0.738113
0.071911
0.930162
0.888553
0.077010
0.100599
0.468692
0.989980
0.481810
0.818331
0.560530
0.501575
0.895296
0.765206
0.703813
0.640399
0.666468
0.722346
0.385754
0.872719
0.672248
0.456575
0.651142
0.660175
0.602922
0.745127
0.394548
0.960601
0.004537
0.759636
0.782102
0.188814
0.228692
0.991343
0.211407
0.985445
0.607304
0.827634
0.669142
0.743438
0.065158
0.023577
0.152432
0.789880
0.765195
# Row 60
0.859097
0.154967
0.756205
0.899866
0.018899
0.770606
0.536418
0.186631
0.792506
0.189946
0.327987
0.177410
0.258216
0.728697
0.273475
0.971820
0.707861
0.766211
0.826389
0.044214
0.787678
0.338919
0.008295
0.507522
0.101046
0.643526
0.515766
0.485731
0.346270
0.390736
0.187798
0.235362
0.279942
0.109886
0.622704
0.018985
0.814886
0.951631
0.907330
0.405562
0.620459
0.848908
0.112512
0.959030
0.509531
0.670433
0.742487
0.124208
0.316202
0.096396
0.980595
0.364828
0.614961
0.738742
0.830631
0.229729
0.557219
0.660102
0.047127
0.388219
0.934930
0.073216
0.716413
0.793074
0.781285
0.049536
0.084292
0.899047
0.921357
0.469992
0.519554
0.326052
0.755467
0.916776
0.602405
0.940195
0.637103
0.452206
0.183348
0.103662
0.766170
0.244600
0.774577
0.778170
0.905699
0.282561
0.918774
0.358731
0.122671
0.234840
0.789113
0.058080
0.406212
0.145137
0.471821
0.490972
0.512128
0.647725
0.384702
0.846211
# Row 61
0.882606
0.814099
0.510561
0.847636
0.483316
0.422086
0.445488
0.149121
0.954325
0.221671
0.253702
0.079197
0.481853
0.766620
0.311463
0.835054
0.238440
0.213758
0.443804
0.551065
0.411427
0.554052
0.894161
0.751650
0.623618
0.438791
0.906037
0.801094
0.653560
0.772847
0.778485
0.233346
0.572278
0.753860
0.227294
0.572704
0.842682
0.995253
0.238548
0.122517
0.269686
0.751924
0.540674
0.524736
0.463817
0.305795
0.498730
0.890323
0.287390
0.014875
0.006813
0.321656
0.516918
0.900943
0.630740
0.436405
0.183251
0.479432
0.346196
0.441565
0.074915
0.618524
0.193271
0.670959
0.121491
0.866353
0.695562
0.704479
0.551795
0.984568
0.092919
0.038421
0.163534
0.468150
0.136712
0.219633
0.892526
0.975607
0.173359
0.728858
0.354061
0.716479
0.477436
0.178119
0.698411
0.586055
0.724331
0.441385
0.106591
0.857619
0.252023
0.675949
0.509462
0.463161
0.442814
0.213283
0.679007
0.752893
0.452715
0.542651
# Row 62
0.079638
0.326104
0.375850
0.009206
0.721872
0.290662
0.203700
0.971845
0.501295
0.621186
0.027770
0.476740
0.980950
0.147442
0.445663
0.602730
0.461973
0.881630
0.124172
0.517770
0.240307
0.667973
0.711601
0.585244
0.749625
0.558403
0.490814
0.099514
0.503421
0.447514
0.243595
0.076670
0.361675
0.667523
0.127646
0.034731
0.227182
0.794364
0.025363
0.563766
0.218783
0.459720
0.836534
0.297568
0.147243
0.626616
0.786931
0.382039
0.535969
0.459867
0.695802
0.809616
0.863099
0.514332
0.675400
0.812549
0.361738
0.646499
0.265525
0.530211
0.887385
0.516847
0.079768
0.176696
0.660113
0.245793
0.654593
0.115655
0.306288
0.184605
0.047937
0.420715
0.581005
0.599775
0.483872
0.373939
0.546562
0.595924
0.840505
0.784154
0.241083
0.835096
0.339373
0.234739
0.999571
0.581312
0.428606
0.280375
0.420323
0.606575
0.525142
0.978853
0.413870
0.351418
0.162047
0.882202
0.068690
0.018810
0.797668
0.026905
# Row 63
0.035239
0.589449
0.409142
0.502077
0.412885
0.939517
0.291929
0.674075
0.446732
0.694854
0.701129
0.083666
0.754876
0.309851
0.033747
0.775768
0.941137
0.272281
0.801716
0.380618
0.761911
0.729808
0.273966
0.538543
0.044444
0.148337
0.166280
0.288236
0.162000
0.550928
0.377029
0.251298
0.501234
0.168349
0.455414
0.915104
0.279333
0.943843
0.149840
0.003616
0.631586
0.776354
0.123966
0.934246
0.770875
0.924850
0.306378
0.181344
0.473954
0.913732
0.619425
0.137189
0.258383
0.123511
0.229357
0.803880
0.539600
0.085406
0.392437
0.529338
0.289346
0.152393
0.312280
0.573325
0.321567
0.537223
0.747436
0.751373
0.205858
0.800416
0.943561
0.842563
0.924799
0.364143
0.542818
0.088885
0.052192
0.912888
0.628972
0.577479
0.313892
0.026069
0.887791
0.841295
0.609850
0.744122
0.839464
0.787977
0.711101
0.186627
0.276963
0.361113
0.013125
0.772683
0.918524
0.833086
0.619619
0.009942
0.053937
0.645896
# Row 64
0.168713
0.454612
0.786498
0.467375
0.795754
0.051420
0.701622
0.967796
0.379676
0.156627
0.238927
0.489069
0.248528
0.660790
0.219678
0.659384
0.157061
0.559100
0.351736
0.374645
0.006359
0.379115
0.768424
0.839461
0.191744
0.147755
0.878198
0.340381
0.957864
0.156223
0.833784
0.558891
0.854565
0.023362
0.550904
0.858233
0.547437
0.340986
0.399238
0.573976
0.394592
0.150298
0.886557
0.771571
0.486182
0.304091
0.998482
0.713737
0.213342
0.337727
0.432215
0.805723
0.924855
0.241421
0.066424
0.597464
0.207068
0.701204
0.388682
0.448963
0.727916
0.175922
0.706347
0.280205
0.189704
0.087911
0.200066
0.891449
0.586367
0.426764
0.847507
0.256414
0.835837
0.965307
0.008096
0.952823
0.711971
0.846856
0.780144
0.135727
0.416067
0.570816
0.835612
0.703575
0.766573
0.943261
0.223813
0.219926
0.836399
0.699314
0.985698
0.790942
0.497608
0.589746
0.410144
0.156399
0.138778
0.365482
0.421270
0.317033
# Row 65
0.274553
0.416732
0.142594
0.820967
0.671682
0.719748
0.824484
0.485032
0.350908
0.121075
0.433435
0.591722
0.597661
0.019326
0.626162
0.128731
0.212482
0.876648
0.112169
0.215574
0.268984
0.160030
0.542483
0.671345
0.815099
0.746356
0.749778
0.540480
0.273058
0.259839
0.059546
0.021427
0.863488
0.497260
0.349619
0.488883
0.626049
0.051824
0.865933
0.406914
0.538019
0.502651
0.518526
0.781656
0.676133
0.391882
0.449259
0.172698
0.237041
0.478434
0.250565
0.086911
0.767059
0.015831
0.944747
0.122837
0.970008
0.645889
0.031142
0.464299
0.608243
0.790761
0.852197
0.075380
0.010166
0.538856
0.700558
0.202984
0.599319
0.097169
0.422274
0.915989
0.295499
0.080622
0.403843
0.410247
0.065139
0.651203
0.353878
0.585915
0.852733
0.744256
0.997615
0.997727
0.471421
0.030503
0.941413
0.120593
0.211592
0.579879
0.484914
0.033601
0.211786
0.402426
0.964105
0.066988
0.375138
0.643312
0.405432
0.781510
# Row 66
0.483667
0.470082
0.419088
0.351033
0.416901
0.892786
0.621200
0.130878
0.103582
0.449433
0.665772
0.940873
0.186635
0.933887
0.606803
0.538269
0.851529
0.969831
0.671134
0.457330
0.923941
0.087587
0.178333
0.045728
0.079757
0.150695
0.823827
0.219890
0.802599
0.132259
0.576778
0.419605
0.872934
0.748666
0.219614
0.084687
0.558350
0.727738
0.959209
0.962131
0.004735
0.192385
0.411452
0.830383
0.389021
0.967997
0.645094
0.088060
0.300143
0.526183
0.364598
0.778494
0.258216
0.728734
0.915249
0.329985
0.783236
0.769305
0.760458
0.796618
0.582495
0.477136
0.767399
0.038479
0.167026
0.963871
0.852445
0.826223
0.036794
0.993303
0.794981
0.676976
0.824902
0.232681
0.792952
0.601012
0.873989
0.016319
0.274821
0.276380
0.372487
0.497014
0.722606
0.277599
0.721906
0.172649
0.624463
0.310657
0.384235
0.114965
0.941291
0.287103
0.294679
0.670550
0.621391
0.982208
0.570848
0.592441
0.164995
0.834463
# Row 67
0.835278
0.151384
0.164097
0.664620
0.951608
0.691808
0.213368
0.121660
0.392126
0.777219
0.898863
0.040408
0.169949
0.717263
0.469939
0.551732
0.225130
0.103810
0.736342
0.292685
0.121157
0.491366
0.110247
0.882341
0.735083
0.539056
0.138463
0.562203
0.487766
0.553777
0.402758
0.540859
0.315263
0.219212
0.068874
0.765007
0.611315
0.411077
0.353188
0.087310
0.435200
0.948672
0.669093
0.781003
0.368308
0.245669
0.584999
0.117206
0.083960
0.443804
0.047720
0.969997
0.363778
0.352090
0.627092
0.733211
0.423929
0.497336
0.051524
0.949326
0.807598
0.710695
0.714342
0.082725
0.135959
0.837005
0.524895
0.575981
0.896682
0.531483
0.797392
0.357917
0.472885
0.390651
0.358113
0.116163
0.390494
0.304981
0.705239
0.085370
0.480781
0.389682
0.575076
0.656493
0.337772
0.882429
0.307430
0.494448
0.195971
0.243786
0.817564
0.913671
0.589148
0.374100
0.082283
0.246627
0.880707
0.402029
0.845838
0.733102
# Row 68
0.813344
0.202479
0.713342
0.832470
0.521519
0.478913
0.094276
0.732123
0.223881
0.476087
0.208368
0.498581
0.881674
0.768732
0.895996
0.739696
0.118750
0.960104
0.563486
0.653782
0.372764
0.897512
0.721806
0.911995
0.637253
0.311554
0.179648
0.321928
0.890376
0.769074
0.666570
0.662113
0.846225
0.919654
0.079449
0.358196
0.544889
0.150198
0.459974
0.832121
0.382107
0.646037
0.469342
0.826324
0.910845
0.209648
0.478915
0.857041
0.395849
0.994902
0.345659
0.146219
0.016968
0.076726
0.595147
0.022806
0.474378
0.759765
0.652409
0.364494
0.803804
0.017321
0.204538
0.304073
0.545389
0.991313
0.964626
0.174931
0.187050
0.138830
0.453224
0.682811
0.511432
0.209980
0.793128
0.121496
0.182068
0.630110
0.501142
0.294844
0.504839
0.147208
0.384866
0.753490
0.768685
0.418553
0.644874
0.229110
0.206734
0.940973
0.327607
0.370549
0.305265
0.783632
0.259426
0.313140
0.631411
0.633969
0.358512
0.394639
# Row 69
0.337176
0.904726
0.812524
0.758337
0.141616
0.027004
0.523262
0.336839
0.587175
0.540771
0.655164
0.109902
0.230769
0.425449
0.235663
0.788650
0.763820
0.040245
0.898667
0.548812
0.784926
0.583240
0.847291
0.860691
0.578961
0.662236
0.451107
0.227011
0.120291
0.196738
0.052492
0.016092
0.026441
0.752813
0.204993
0.982066
0.081343
0.629886
0.826177
0.301538
0.541564
0.665647
0.443232
0.473773
0.880137
0.162442
0.620146
0.565837
0.134480
0.441796
0.761881
0.512772
0.159138
0.944657
0.228245
0.374065
0.970560
0.170823
0.195865
0.110018
0.967893
0.014639
0.071481
0.974709
0.156930
0.643850
0.777796
0.565972
0.958162
0.188744
0.651317
0.857965
0.686746
0.378916
0.460226
0.739693
0.122598
0.370651
0.572636
0.155184
0.591401
0.349973
0.188104
0.490525
0.828844
0.841444
0.847486
0.372686
0.355750
0.783049
0.920904
0.168885
0.733910
0.390808
0.156509
0.727542
0.562584
0.196651
0.572846
0.947676
# Row 70
0.402972
0.728594
0.367035
0.658590
0.549926
0.458124
0.164810
0.732160
0.102203
0.476346
0.885143
0.922887
0.588409
0.003737
0.963005
0.363644
0.287054
0.179971
0.353555
0.055929
0.715837
0.527439
0.017139
0.841134
0.765375
0.207605
0.798066
0.873426
0.902173
0.381726
0.304788
0.325149
0.379026
0.100821
0.572263
0.123038
0.660601
0.653791
0.638857
0.759174
0.318159
0.932672
0.353613
0.356433
0.568911
0.381090
0.601461
0.046771
0.859090
0.492667
0.003580
0.585162
0.420363
0.652701
0.030266
0.856151
0.399688
0.666640
0.320249
0.308283
0.884306
0.406316
0.002267
0.289062
0.155476
0.208549
0.583976
0.055309
0.624208
0.575433
0.835161
0.847127
0.775137
0.211623
0.324956
0.674982
0.794411
0.867313
0.357957
0.356299
0.435889
0.977857
0.926128
0.218547
0.716763
0.859451
0.590114
0.768909
0.687183
0.657699
0.515672
0.415583
0.324463
0.290840
0.012470
0.052801
0.425444
0.985918
0.100424
0.421151
# Row 71
0.652792
0.393982
0.813428
0.698354
0.903096
0.674923
0.044855
0.724906
0.255071
0.864616
0.850280
0.726709
0.601846
0.543481
0.809829
0.855992
0.927051
0.598333
0.578275
0.466345
0.133223
0.256576
0.331171
0.791959
0.534068
0.636753
0.868962
0.780132
0.068626
0.631271
0.540159
0.785594
0.052702
0.860618
0.464555
0.871341
0.746649
0.823807
0.306356
0.660479
0.162290
0.843195
0.796486
0.274571
0.657181
0.354745
0.517789
0.494256
0.851537
0.934556
0.034022
0.146398
0.959829
0.851813
0.104280
0.007981
0.541587
0.085796
0.522789
0.510526
0.058429
0.594245
0.556828
0.910634
0.169331
0.141999
0.223180
0.683586
0.923952
0.427723
0.899237
0.909736
0.523321
0.333696
0.365147
0.710189
0.034840
0.385655
0.127783
0.092217
0.879573
0.478829
0.298506
0.269692
0.386838
0.400346
0.850499
0.904082
0.645658
0.970670
0.436873
0.182136
0.013634
0.816767
0.229762
0.013074
0.288875
0.971909
0.268518
0.337120
# Row 72
0.855131
0.031923
0.360164
0.925470
0.297916
0.361079
0.638888
0.596913
0.611926
0.474471
0.898225
0.346295
0.307335
0.884711
0.897226
0.983893
0.432590
0.312058
0.101330
0.921649
0.800257
0.657103
0.043681
0.252436
0.894595
0.727959
0.430336
0.182529
0.997132
0.619306
0.713483
0.766677
0.760235
0.343970
0.523622
0.221406
0.637008
0.819896
0.691197
0.458100
0.415664
0.383067
0.659925
0.876024
0.362636
0.412355
0.660793
0.520703
0.734153
0.463234
0.793109
0.969259
0.331887
0.077328
0.066182
0.416511
0.343967
0.492946
0.864115
0.459575
0.495324
0.172769
0.282080
0.710531
0.926725
0.999152
0.373634
0.193511
0.703417
0.290970
0.776517
0.231739
0.223893
0.360188
0.133622
0.319789
0.436762
0.058674
0.583968
0.065525
0.887072
0.838930
0.706604
0.324077
0.488807
0.954969
0.202077
0.923008
0.171970
0.015576
0.288779
0.074067
0.372958
0.641368
0.975093
0.503980
0.746489
0.204797
0.696251
0.226477
# Row 73
0.574590
0.799484
0.133627
0.572723
0.560095
0.708622
0.673301
0.840718
0.023349
0.753897
0.922983
0.599777
0.804654
0.304240
0.957410
0.068415
0.322285
0.221327
0.671319
0.987739
0.486172
0.195035
0.407832
0.343602
0.337714
0.371924
0.224038
0.095493
0.022393
0.763498
0.032837
0.585348
0.727376
0.014473
0.902290
0.502784
0.582948
0.856278
0.935294
0.542722
0.864289
0.124543
0.031138
0.215863
0.596782
0.004476
0.037109
0.561437
0.399886
0.123084
0.126908
0.804940
0.965822
0.936383
0.940088
0.732146
0.402365
0.282687
0.033411
0.785505
0.044363
0.975241
0.434122
0.592311
0.604825
0.389725
0.653199
0.908083
0.370417
0.431163
0.973155
0.296703
0.802660
0.322798
0.432692
0.404804
0.468263
0.894247
0.905228
0.446027
0.850794
0.521398
0.428971
0.656194
0.780694
0.414987
0.364945
0.568814
0.028728
0.413410
0.611210
0.187879
0.934991
0.918447
0.515044
0.588642
0.765026
0.746084
0.031192
0.384451
# Row 74
0.098373
0.840273
0.258321
0.476910
0.842702
0.422295
0.635022
0.816519
0.136701
0.895454
0.631961
0.690812
0.243155
0.882417
0.782120
0.616997
0.654478
0.094857
0.843429
0.926806
0.728648
0.291840
0.987740
0.914013
0.764685
0.609907
0.310373
0.181803
0.111970
0.795167
0.011752
0.930298
0.613742
0.852386
0.126558
0.107456
0.916806
0.880304
0.179069
0.992767
0.269909
0.184182
0.091687
0.167342
0.793466
0.459190
0.736091
0.360996
0.572695
0.000901
0.815034
0.162500
0.622010
0.616607
0.122698
0.479615
0.936336
0.543636
0.431109
0.277701
0.708447
0.104478
0.270789
0.987164
0.902187
0.684763
0.150177
0.918986
0.859550
0.566325
0.428066
0.572745
0.442849
0.106502
0.207263
0.262423
0.407980
0.164995
0.549673
0.561866
0.635143
0.745073
0.770332
0.614703
0.451785
0.756521
0.000542
0.934122
0.339530
0.108628
0.021668
0.398101
0.670974
0.003934
0.167706
0.327935
0.950324
0.093754
0.936044
0.815506
# Row 75
0.088756
0.857093
0.594546
0.471340
0.114099
0.223182
0.245095
0.025610
0.056157
0.638060
0.417903
0.392861
0.552879
0.806435
0.699366
0.964055
0.556109
0.566279
0.214141
0.712786
0.774277
0.385514
0.017848
0.783199
0.646756
0.933796
0.841736
0.292717
0.502464
0.969312
0.849363
0.251368
0.493585
0.297983
0.505631
0.530040
0.121860
0.983298
0.660995
0.351855
0.976131
0.997701
0.062556
0.624006
0.289723
0.565122
0.715829
0.752592
0.297385
0.018575
0.536699
0.211407
0.144288
0.822134
0.205575
0.779340
0.372674
0.734008
0.921573
0.872357
0.211889
0.933410
0.163244
0.018407
0.029658
0.330823
0.606602
0.140495
0.199487
0.526757
0.996822
0.699308
0.212223
0.791862
0.185910
0.816955
0.348307
0.590217
0.357019
0.563460
0.448428
0.152615
0.981974
0.583733
0.919766
0.288007
0.580429
0.011908
0.816308
0.374937
0.348278
0.139631
0.686657
0.442372
0.134046
0.943240
0.521212
0.588117
0.702752
0.340747
# Row 76
0.010552
0.115724
0.327893
0.842282
0.984474
0.636059
0.287791
0.117501
0.200642
0.681525
0.059582
0.360797
0.035631
0.839042
0.852766
0.261502
0.369740
0.007714
0.507954
0.843361
0.398991
0.629525
0.811463
0.528078
0.929945
0.893095
0.502514
0.994718
0.170283
0.253668
0.939518
0.884099
0.203444
0.694954
0.761187
0.159366
0.390215
0.043737
0.345904
0.145743
0.363222
0.165263
0.311023
0.489756
0.139167
0.861266
0.277690
0.697156
0.063927
0.873183
0.184748
0.616424
0.800890
0.186844
0.298765
0.458500
0.674914
0.233197
0.920682
0.301531
0.272929
0.989610
0.520896
0.780658
0.985493
0.081034
0.484328
0.956698
0.937667
0.948023
0.859441
0.483910
0.616663
0.943645
0.977018
0.836694
0.150225
0.813196
0.736233
0.829200
0.144123
0.634880
0.900335
0.182443
0.848125
0.707061
0.258591
0.813112
0.114112
0.575056
0.804572
0.579977
0.642472
0.929853
0.666135
0.811518
0.716631
0.280524
0.865340
0.326395
# Row 77
0.411573
0.414899
0.755973
0.261841
0.869865
0.798387
0.304488
0.649518
0.985270
0.313386
0.072089
0.770219
0.865128
0.471912
0.599816
0.214890
0.981914
0.317799
0.876156
0.757348
0.523403
0.313759
0.112659
0.471884
0.239780
0.239919
0.304718
0.515612
0.022577
0.437014
0.103197
0.040137
0.570857
0.047767
0.661621
0.340120
0.168712
0.448103
0.100464
0.518181
0.757337
0.035581
0.494780
0.217557
0.905202
0.441030
0.247304
0.808028
0.809750
0.051920
0.962789
0.409326
0.280434
0.248965
0.550130
0.292681
0.510578
0.743201
0.009613
0.149216
0.927564
0.907080
0.929143
0.977912
0.178323
0.583429
0.034509
0.590869
0.349299
0.859620
0.586737
0.015338
0.404365
0.055669
0.069547
0.086645
0.946051
0.304538
0.490139
0.860728
0.238614
0.726703
0.958530
0.856972
0.777628
0.210659
0.698920
0.689639
0.929792
0.113614
0.668820
0.118102
0.506589
0.965149
0.858801
0.591907
0.862373
0.179473
0.661500
0.776196
# Row 78
0.835693
0.313191
0.430276
0.497159
0.774546
0.015049
0.195537
0.866992
0.022343
0.237114
0.123884
0.745446
0.690210
0.764428
0.548008
0.022792
0.729706
0.688830
0.573525
0.710256
0.252916
0.134664
0.395186
0.382360
0.557193
0.637269
0.495055
0.905568
0.310772
0.893059
0.018213
0.524301
0.082225
0.721619
0.449442
0.564295
0.668718
0.600389
0.572262
0.200824
0.140760
0.911534
0.858103
0.762359
0.898241
0.454373
0.389590
0.876305
0.375752
0.967041
0.102603
0.780807
0.974425
0.524916
0.174511
0.333868
0.790780
0.163785
0.381725
0.547808
0.296424
0.851121
0.992315
0.903235
0.160312
0.703286
0.495972
0.683005
0.339786
0.839806
0.154341
0.184390
0.668578
0.463298
0.882919
0.878645
0.787712
0.156214
0.457829
0.494137
0.075791
0.259913
0.036353
0.095043
0.493205
0.829868
0.751925
0.646420
0.043461
0.590927
0.908012
0.322374
0.035203
0.611965
0.470107
0.092318
0.989809
0.909085
0.012753
0.466436
# Row 79
0.949171
0.715440
0.594522
0.891911
0.991776
0.834172
0.736356
0.252936
0.936260
0.944827
0.499173
0.467759
0.801916
0.354510
0.779674
0.913049
0.485019
0.880239
0.256560
0.598508
0.006433
0.991293
0.763728
0.812369
0.375791
0.218279
0.286375
0.651213
0.714896
0.103264
0.767369
0.116055
0.480294
0.592443
0.674992
0.622201
0.942680
0.994625
0.972457
0.044913
0.117525
0.196506
0.100971
0.158895
0.023938
0.255638
0.651104
0.270265
0.982012
0.316650
0.064489
0.368769
0.975886
0.813251
0.445313
0.519929
0.321570
0.441551
0.037539
0.886657
0.724494
0.498174
0.261435
0.523250
0.609091
0.964371
0.226958
0.367928
0.497141
0.545185
0.130191
0.010066
0.426542
0.616575
0.873756
0.302577
0.489562
0.335042
0.067552
0.596649
0.659234
0.680726
0.399958
0.804074
0.122440
0.859235
0.312621
0.041064
0.384526
0.717889
0.258070
0.816843
0.817212
0.842917
0.315711
0.531072
0.031554
0.014981
0.038515
0.007544
# Row 80
0.241232
0.196685
0.503132
0.379608
0.487172
0.208418
0.246800
0.457860
0.399108
0.484511
0.154791
0.746010
0.828203
0.572595
0.174889
0.160287
0.780121
0.392959
0.696501
0.775642
0.271196
0.275246
0.460194
0.233467
0.010828
0.765913
0.330996
0.856147
0.748312
0.496433
0.250800
0.719865
0.107494
0.629432
0.209928
0.525540
0.241561
0.683906
0.376968
0.806190
0.474749
0.772898
0.283751
0.935491
0.637499
0.374792
0.566674
0.315674
0.254862
0.875527
0.557150
0.672545
0.400643
0.952059
0.536878
0.361421
0.496292
0.871362
0.724804
0.170730
0.806239
0.423906
0.742413
0.121308
0.880696
0.231271
0.065546
0.910884
0.821629
0.815237
0.670833
0.797436
0.424290
0.107031
0.032583
0.095206
0.980383
0.042579
0.834242
0.956963
0.652532
0.830456
0.193248
0.509965
0.754462
0.207286
0.028096
0.616155
0.236278
0.089615
0.043823
0.844932
0.997087
0.086610
0.002139
0.625785
0.973139
0.214561
0.753298
0.825057
# Row 81
0.002591
0.228179
0.420092
0.143565
0.299476
0.396544
0.074507
0.128040
0.609455
0.460658
0.872413
0.238074
0.226509
0.337602
0.501880
0.210868
0.558817
0.821852
0.750374
0.958681
0.708248
0.781458
0.252149
0.849085
0.013162
0.875211
0.989929
0.527253
0.969483
0.612051
0.797654
0.404417
0.738515
0.136716
0.050248
0.659989
0.248824
0.722604
0.491442
0.579596
0.958341
0.866304
0.004530
0.411492
0.744765
0.655994
0.289233
0.693613
0.298510
0.791505
0.289621
0.348244
0.292057
0.096290
0.695314
0.316283
0.560024
0.425661
0.486182
0.304920
0.441114
0.651673
0.837825
0.437951
0.279899
0.519110
0.482579
0.454554
0.165001
0.010556
0.013415
0.218312
0.170406
0.838893
0.513374
0.932302
0.376505
0.475575
0.132077
0.757719
0.563079
0.911072
0.857237
0.792643
0.802092
0.084220
0.240076
0.265056
0.926219
0.579433
0.429299
0.651110
0.530029
0.010228
0.702144
0.458131
0.373292
0.235359
0.109392
0.964198
# Row 82
0.726717
0.706459
0.683753
0.025716
0.834502
0.355842
0.410359
0.534882
0.598315
0.297844
0.290029
0.504797
0.224933
0.550125
0.009505
0.496217
0.663936
0.062061
0.090010
0.982227
0.510041
0.660162
0.741513
0.721779
0.802265
0.445988
0.783210
0.616918
0.042939
0.586066
0.882550
0.339253
0.335163
0.957541
0.450057
0.096856
0.927755
0.414954
0.943008
0.782247
0.619861
0.445409
0.168593
0.794637
0.449509
0.120056
0.730260
0.605470
0.235564
0.733234
0.776871
0.565899
0.803331
0.566693
0.143015
0.109689
0.870855
0.310202
0.213825
0.846927
0.454458
0.812713
0.015289
0.675410
0.444970
0.796558
0.180954
0.950871
0.465365
0.723168
0.340714
0.588053
0.829100
0.200449
0.832986
0.236445
0.037471
0.732547
0.376847
0.052375
0.773073
0.561578
0.827732
0.128618
0.332301
0.182539
0.454346
0.040242
0.288312
0.437506
0.343710
0.807744
0.360552
0.039345
0.797308
0.593344
0.789703
0.830049
0.608638
0.751729
# Row 83
0.357456
0.951721
0.298775
0.211258
0.757042
0.572075
0.072745
0.215246
0.598933
0.549462
0.989352
0.995314
0.540943
0.899068
0.607917
0.160682
0.055394
0.601736
0.887081
0.289970
0.208647
0.915240
0.017001
0.117405
0.628745
0.155655
0.023148
0.665985
0.001891
0.930515
0.697176
0.939112
0.972949
0.057705
0.700720
0.223437
0.062027
0.192600
0.517111
0.453433
0.059711
0.324134
0.463121
0.357686
0.566827
0.367432
0.839706
0.553611
0.718169
0.671114
0.822787
0.327670
0.318921
0.231673
0.150527
0.369027
0.351157
0.141476
0.533844
0.193454
0.127580
0.432487
0.936618
0.769469
0.910460
0.172041
0.078903
0.948752
0.033542
0.842719
0.301201
0.607480
0.999617
0.634060
0.084554
0.964170
0.540872
0.993688
0.296822
0.783767
0.665223
0.348968
0.580268
0.178214
0.540322
0.303135
0.112865
0.432595
0.036309
0.332683
0.371867
0.825653
0.535422
0.332509
0.062868
0.267212
0.476244
0.553857
0.313396
0.876584
# Row 84
0.115566
0.105590
0.782953
0.399807
0.322774
0.305007
0.930184
0.774637
0.359579
0.599569
0.174703
0.756140
0.609145
0.380138
0.671088
0.509000
0.998777
0.880047
0.404186
0.541910
0.382950
0.128498
0.049343
0.532506
0.720295
0.993030
0.703348
0.086079
0.369156
0.111265
0.069145
0.546812
0.949449
0.649825
0.810861
0.785806
0.759965
0.526517
0.629039
0.715728
0.814179
0.944872
0.636551
0.808281
0.856496
0.787496
0.043376
0.439062
0.765098
0.831872
0.136871
0.666683
0.135930
0.640203
0.429549
0.421865
0.501453
0.850194
0.448436
0.780644
0.072651
0.988555
0.471419
0.407759
0.436319
0.641385
0.042484
0.656015
0.703017
0.158828
0.988281
0.610083
0.923557
0.124702
0.035168
0.374397
0.490821
0.679834
0.813911
0.570847
0.864650
0.810957
0.816918
0.669802
0.524094
0.781257
0.721697
0.905065
0.115210
0.625542
0.848694
0.987994
0.453817
0.719786
0.519537
0.146786
0.319021
0.784381
0.813741
0.573456
# Row 85
0.871211
0.731189
0.982126
0.703225
0.411695
0.720626
0.310563
0.809597
0.012699
0.876167
0.988490
0.744633
0.056565
0.795292
0.926124
0.749735
0.780208
0.298821
0.089000
0.710141
0.702150
0.541618
0.837870
0.019554
0.069429
0.448790
0.738874
0.993547
0.783589
0.490784
0.058985
0.046128
0.309728
0.631594
0.604053
0.288104
0.829652
0.205730
0.063354
0.874302
0.936817
0.846434
0.670578
0.015612
0.882468
0.010170
0.805048
0.668108
0.242921
0.246689
0.370009
0.242695
0.688871
0.041483
0.081681
0.363068
0.679048
0.715578
0.571154
0.495895
0.580250
0.679039
0.781856
0.834650
0.220118
0.987911
0.082284
0.927294
0.822075
0.103592
0.803939
0.378804
0.846075
0.468608
0.258236
0.353630
0.484756
0.728756
0.336760
0.262425
0.540753
0.399627
0.413244
0.794426
0.564266
0.512134
0.752383
0.594743
0.465140
0.309155
0.003017
0.268452
0.163953
0.701585
0.576924
0.795071
0.122816
0.740424
0.958549
0.772851
# Row 86
0.038238
0.401148
0.877456
0.487986
0.402731
0.102218
0.129334
0.565576
0.694386
0.451558
0.931370
0.743954
0.358121
0.109114
0.525100
0.099309
0.550323
0.511829
0.229118
0.201542
0.460232
0.686738
0.932873
0.213828
0.354439
0.901282
0.702101
0.756823
0.851669
0.405781
0.530139
0.483819
0.187618
0.715471
0.564519
0.186194
0.816565
0.478265
0.315042
0.940438
0.888216
0.964810
0.311331
0.280762
0.283386
0.100492
0.531029
0.737439
0.667469
0.001317
0.224041
0.813638
0.681095
0.459384
0.776033
0.716500
0.015830
0.296747
0.201844
0.935846
0.880512
0.032346
0.155229
0.241401
0.739995
0.714461
0.857741
0.402267
0.270084
0.905555
0.661605
0.117004
0.115858
0.777756
0.597535
0.365913
0.238941
0.711522
0.950019
0.886520
0.694435
0.078980
0.834233
0.347023
0.469969
0.444021
0.808125
0.309347
0.255766
0.896590
0.581135
0.382853
0.481765
0.846957
0.921488
0.361782
0.770090
0.291429
0.414031
0.294727
# Row 87
0.800755
0.293438
0.980395
0.674228
0.996075
0.438845
0.196182
0.470817
0.993329
0.072347
0.782333
0.921024
0.522658
0.719873
0.019392
0.556273
0.542799
0.781890
0.746790
0.312840
0.644052
0.142559
0.530243
0.966763
0.217063
0.093091
0.177974
0.006608
0.446728
0.993600
0.182682
0.197120
0.140265
0.490942
0.686252
0.944249
0.882704
0.230829
0.986433
0.483735
0.255382
0.726861
0.410550
0.358993
0.405217
0.018678
0.005306
0.497466
0.244528
0.623384
0.071656
0.946889
0.950859
0.981598
0.200265
0.393285
0.259921
0.560439
0.430300
0.491120
0.666540
0.204514
0.209227
0.723516
0.010822
0.442327
0.424096
0.548060
0.800114
0.744767
0.308843
0.433447
0.850406
0.195482
0.113872
0.656505
0.600287
0.436559
0.113106
0.401263
0.511396
0.879305
0.582600
0.415346
0.904435
0.066797
0.529455
0.758661
0.050424
0.305877
0.099093
0.689952
0.332187
0.580336
0.115092
0.534163
0.378475
0.659039
0.183831
0.153850
# Row 88
0.648186
0.832939
0.254576
0.998068
0.478387
0.979332
0.695721
0.349796
0.909144
0.551923
0.514303
0.456141
0.040290
0.538519
0.696284
0.463165
0.468364
0.587266
0.120326
0.138561
0.781958
0.065860
0.641726
0.040573
0.775124
0.240072
0.753015
0.261301
0.163478
0.508066
0.403522
0.957980
0.176838
0.440658
0.755403
0.299025
0.554234
0.505827
0.724612
0.045034
0.608681
0.815093
0.411603
0.001781
0.165114
0.052019
0.980978
0.906218
0.138347
0.226895
0.167537
0.712140
0.219958
0.860201
0.537333
0.644396
0.822888
0.209692
0.538257
0.095127
0.907674
0.816712
0.560855
0.388636
0.230070
0.817003
0.974479
0.480189
0.630046
0.515669
0.888311
0.755753
0.278472
0.806881
0.145507
0.632616
0.940193
0.283397
0.429657
0.633766
0.758517
0.752039
0.936566
0.921245
0.352703
0.287277
0.635108
0.965536
0.010923
0.620158
0.955590
0.529923
0.898917
0.293764
0.752881
0.532124
0.759547
0.604439
0.497899
0.572164
# Row 89
0.899420
0.391247
0.961271
0.087943
0.022358
0.501071
0.726688
0.711535
0.930711
0.525718
0.971393
0.583585
0.357283
0.728101
0.293151
0.164783
0.374128
0.010627
0.365883
0.627231
0.438932
0.159359
0.742066
0.770333
0.252524
0.267073
0.764041
0.781827
0.107707
0.307362
0.827043
0.141729
0.283783
0.926438
0.885355
0.772793
0.584564
0.030803
0.294152
0.793735
0.210177
0.084805
0.721011
0.189757
0.502712
0.865016
0.783528
0.528246
0.498680
0.936961
0.316986
0.805911
0.771764
0.277952
0.245569
0.297804
0.449758
0.237542
0.122470
0.209820
0.060406
0.639536
0.671694
0.226444
0.600757
0.037827
0.463830
0.047097
0.860352
0.458876
0.999181
0.460744
0.064921
0.928925
0.467036
0.803104
0.677431
0.491652
0.765441
0.048385
0.108193
0.585576
0.670385
0.722932
0.884828
0.649110
0.459147
0.097173
0.833340
0.749514
0.644581
0.161136
0.169092
0.250444
0.543942
0.054401
0.314557
0.917318
0.168656
0.381305
# Row 90
0.301203
0.051938
0.815053
0.064588
0.905629
0.904885
0.897925
0.584288
0.173072
0.659108
0.089934
0.013051
0.730807
0.149179
0.004107
0.733959
0.654042
0.382173
0.231123
0.043423
0.559994
0.077575
0.967936
0.570691
0.842511
0.330543
0.152865
0.049140
0.368417
0.126163
0.561042
0.055245
0.714529
0.558599
0.772552
0.882116
0.885898
0.020536
0.066569
0.369564
0.004241
0.372926
0.833925
0.796181
0.351906
0.746113
0.956942
0.516009
0.390311
0.490213
0.150996
0.948582
0.510026
0.229753
0.572390
0.502868
0.707943
0.595425
0.099999
0.619722
0.599053
0.130393
0.825293
0.081487
0.957918
0.991444
0.121245
0.179492
0.727831
0.293675
0.593086
0.009188
0.342021
0.454204
0.583565
0.727948
0.557093
0.363991
0.256429
0.852150
0.418536
0.111492
0.611110
0.768790
0.653931
0.767130
0.789527
0.413751
0.741968
0.148886
0.375581
0.235948
0.233149
0.777652
0.915935
0.976373
0.027910
0.412948
0.916556
0.686823
# Row 91
0.254660
0.667363
0.105888
0.678485
0.967003
0.529616
0.768372
0.500068
0.007203
0.994739
0.610122
0.513857
0.301160
0.984845
0.544115
0.471515
0.376030
0.939864
0.300367
0.636024
0.670767
0.724898
0.155575
0.288747
0.965881
0.215444
0.818123
0.878698
0.043302
0.225307
0.532608
0.982968
0.130402
0.491644
0.421037
0.661570
0.241853
0.650340
0.546148
0.606253
0.745331
0.461037
0.960134
0.741018
0.206235
0.678947
0.336206
0.062926
0.255141
0.639605
0.621358
0.586514
0.139953
0.808489
0.399488
0.235710
0.121471
0.750779
0.421326
0.516051
0.622991
0.464164
0.600860
0.290478
0.306540
0.071671
0.959876
0.107724
0.103408
0.039889
0.738684
0.317835
0.835906
0.434178
0.600969
0.819608
0.920027
0.075507
0.416140
0.275426
0.802282
0.668327
0.078653
0.196403
0.153932
0.135532
0.748949
0.531788
0.395769
0.151232
0.506296
0.518810
0.158335
0.596252
0.874507
0.180715
0.675745
0.782236
0.904944
0.260432
# Row 92
0.574302
0.470855
0.318235
0.694535
0.835792
0.143322
0.660631
0.257008
0.004153
0.606355
0.020041
0.415337
0.655402
0.823566
0.770663
0.064089
0.284793
0.071435
0.227092
0.845141
0.680870
0.887405
0.345323
0.581791
0.480062
0.320934
0.518681
0.689111
0.432623
0.248714
0.594169
0.659071
0.294126
0.770550
0.944784
0.130391
0.597414
0.276166
0.445013
0.054985
0.597246
0.744439
0.631978
0.870745
0.731144
0.300058
0.018892
0.830702
0.150736
0.368741
0.238700
0.058146
0.471759
0.816792
0.415760
0.973559
0.419697
0.875658
0.326419
0.340590
0.641493
0.094404
0.653347
0.813258
0.570114
0.955561
0.054087
0.934845
0.903924
0.571011
0.145569
0.580331
0.361152
0.248730
0.600331
0.779494
0.833644
0.907789
0.807055
0.278285
0.664025
0.803633
0.371143
0.553558
0.354992
0.809060
0.726838
0.893392
0.765529
0.345307
0.360417
0.585147
0.511199
0.754282
0.366903
0.849854
0.447370
0.495207
0.996494
0.448986
# Row 93
0.436397
0.600242
0.410270
0.533150
0.071661
0.663031
0.429935
0.357349
0.220353
0.606451
0.708480
0.650619
0.548478
0.191345
0.496091
0.285834
0.079403
0.812722
0.259765
0.175898
0.113100
0.475471
0.520569
0.143580
0.876952
0.855155
0.786923
0.632621
0.298614
0.203905
0.726557
0.196943
0.573048
0.245213
0.277838
0.512813
0.353764
0.568693
0.250008
0.386303
0.624897
0.856299
0.801784
0.696714
0.626477
0.280480
0.672013
0.137604
0.708843
0.863230
0.021092
0.843296
0.110234
0.489606
0.537279
0.763382
0.389203
0.662231
0.080481
0.854540
0.433471
0.262438
0.543418
0.572444
0.520496
0.362535
0.975260
0.681557
0.061446
0.091239
0.957854
0.363045
0.236966
0.285420
0.074834
0.936952
0.375528
0.026234
0.347452
0.061306
0.356956
0.532467
0.209377
0.005347
0.596596
0.410119
0.890563
0.884783
0.909548
0.092083
0.615238
0.602783
0.227280
0.868134
0.381974
0.560522
0.277046
0.141774
0.078586
0.025750
# Row 94
0.802008
0.160890
0.538356
0.807588
0.139233
0.173406
0.816993
0.651887
0.254332
0.742525
0.365085
0.505975
0.003978
0.319645
0.995121
0.606940
0.137774
0.383342
0.154925
0.716958
0.613663
0.792028
0.283327
0.896338
0.269445
0.013949
0.154830
0.994384
0.928013
0.654554
0.537006
0.714805
0.104921
0.027001
0.059243
0.232045
0.701307
0.251433
0.499641
0.093703
0.298400
0.633032
0.266563
0.629184
0.895574
0.483613
0.413984
0.523344
0.453906
0.508427
0.270020
0.224381
0.301272
0.785911
0.563512
0.696298
0.031311
0.896456
0.645025
0.847435
0.773066
0.095064
0.060215
0.057756
0.735211
0.526401
0.842142
0.269567
0.430714
0.318747
0.644979
0.420323
0.485197
0.201135
0.398132
0.794148
0.023702
0.816570
0.873288
0.503104
0.242823
0.670132
0.237093
0.523342
0.413145
0.186290
0.821642
0.888796
0.553568
0.452742
0.449549
0.060451
0.785612
0.211976
0.369047
0.557487
0.651375
0.605645
0.309411
0.463438
# Row 95
0.780911
0.175556
0.183119
0.852180
0.368816
0.038764
0.317036
0.851981
0.189509
0.859177
0.771799
0.458601
0.897737
0.875528
0.741204
0.188619
0.255126
0.473032
0.349371
0.740610
0.653198
0.526209
0.473634
0.403923
0.904208
0.431764
0.809402
0.562616
0.107829
0.597160
0.006751
0.216323
0.416334
0.372325
0.797447
0.551643
0.484181
0.494156
0.998700
0.709106
0.148262
0.057092
0.732788
0.604265
0.619450
0.594605
0.199231
0.970302
0.929197
0.838317
0.641167
0.327408
0.149940
0.161281
0.475829
0.875540
0.656007
0.173436
0.829444
0.017043
0.401887
0.749311
0.301601
0.399672
0.434471
0.275487
0.758276
0.725096
0.020784
0.718516
0.344697
0.679830
0.336303
0.358891
0.950376
0.942447
0.423102
0.604782
0.733657
0.420780
0.471567
0.098044
0.409606
0.434662
0.612295
0.527020
0.163854
0.132843
0.612229
0.854661
0.820094
0.807139
0.765269
0.510364
0.257315
0.123286
0.044970
0.949546
0.744772
0.447677
# Row 96
0.265957
0.591583
0.491493
0.124064
0.680043
0.755411
0.149158
0.596947
0.539443
0.839326
0.572134
0.931881
0.697797
0.669641
0.838936
0.431211
0.123060
0.969649
0.341238
0.461023
0.175667
0.089317
0.818788
0.206612
0.900145
0.066360
0.183120
0.165030
0.205780
0.355599
0.155167
0.710671
0.317663
0.026103
0.419972
0.870211
0.986983
0.260493
0.657110
0.494190
0.710642
0.739683
0.372834
0.682164
0.254953
0.116291
0.576933
0.615488
0.564389
0.693974
0.604739
0.775889
0.200228
0.576432
0.576528
0.919007
0.659705
0.632890
0.359851
0.560710
0.716320
0.366259
0.405252
0.191563
0.566836
0.151215
0.365751
0.923198
0.418764
0.833129
0.091780
0.892074
0.880625
0.611703
0.975575
0.994377
0.380794
0.757555
0.965034
0.534390
0.922393
0.573721
0.092540
0.161976
0.942500
0.180538
0.488208
0.217882
0.373266
0.000787
0.441474
0.854103
0.267680
0.096980
0.715149
0.246739
0.449234
0.874730
0.530266
0.957677
# Row 97
0.546257
0.741020
0.159752
0.256460
0.779944
0.485781
0.078734
0.603062
0.869988
0.846404
0.006749
0.774822
0.111267
0.590773
0.783234
0.445824
0.845351
0.703434
0.886227
0.684627
0.315904
0.835708
0.032387
0.507145
0.949855
0.053797
0.884370
0.626851
0.966838
0.324327
0.592641
0.096370
0.486673
0.865537
0.069397
0.985324
0.905179
0.980903
0.341936
0.332319
0.747359
0.812658
0.574359
0.727879
0.816946
0.403320
0.845581
0.304404
0.653559
0.847343
0.197378
0.043944
0.822619
0.231639
0.940501
0.970270
0.716006
0.597466
0.555145
0.414839
0.478772
0.667655
0.522347
0.473581
0.622712
0.448091
0.056909
0.480566
0.392865
0.672591
0.414531
0.683732
0.148168
0.072835
0.353890
0.825697
0.860294
0.542905
0.539057
0.408704
0.361478
0.869493
0.463018
0.596985
0.547039
0.018294
0.606103
0.912916
0.303759
0.224013
0.464050
0.686601
0.261761
0.811331
0.192632
0.083855
0.403741
0.777906
0.525612
0.067473
# Row 98
0.287962
0.464765
0.389844
0.834441
0.905424
0.906395
0.028376
0.750958
0.579830
0.740387
0.165171
0.102471
0.492729
0.428089
0.722526
0.752142
0.364642
0.322427
0.206503
0.114173
0.113528
0.161687
0.181895
0.394328
0.340116
0.478858
0.294733
0.415800
0.729004
0.321201
0.298559
0.261843
0.706846
0.465506
0.185212
0.545379
0.344225
0.898402
0.199390
0.119046
0.733974
0.880803
0.569578
0.116107
0.211925
0.119697
0.760033
0.153495
0.420518
0.883048
0.936457
0.513601
0.543877
0.784321
0.841914
0.972488
0.085253
0.167439
0.052880
0.371065
0.412860
0.791775
0.484402
0.884755
0.394833
0.866720
0.347801
0.479660
0.783132
0.448590
0.546875
0.132864
0.422837
0.087141
0.694962
0.815724
0.768428
0.208037
0.714441
0.906922
0.821663
0.620542
0.964378
0.922193
0.283904
0.341101
0.356219
0.166473
0.084739
0.483702
0.240067
0.968466
0.232058
0.663006
0.456554
0.525008
0.178240
0.327717
0.786204
0.431128
# Row 99
0.242574
0.846825
0.727237
0.710304
0.529528
0.433014
0.684706
0.487355
0.772136
0.044178
0.052720
0.403852
0.473797
0.959703
0.564321
0.893505
0.062663
0.502735
0.620544
0.583899
0.780878
0.358329
0.994614
0.333281
0.055036
0.621242
0.445623
0.849207
0.810968
0.362694
0.927819
0.963055
0.860281
0.414990
0.509733
0.584381
0.181008
0.784246
0.037340
0.156319
0.801300
0.678140
0.406483
0.242689
0.562722
0.406664
0.923755
0.254930
0.355617
0.224035
0.207270
0.468560
0.378816
0.639595
0.937506
0.471689
0.553260
0.460615
0.245131
0.259509
0.715626
0.232121
0.802011
0.957003
0.513757
0.215263
0.651132
0.876011
0.728461
0.269360
0.311771
0.441745
0.842377
0.161906
0.771850
0.747882
0.180204
0.879742
0.127113
0.799139
0.548118
0.422905
0.046731
0.197042
0.524191
0.565808
0.090515
0.330375
0.994585
0.919249
0.530518
0.399026
0.119180
0.838034
0.549052
0.571839
0.149770
0.824805
0.008664
0.639453
